Epoch	AverageEpRet	StdEpRet	MaxEpRet	MinEpRet	EpLen	AverageVVals	StdVVals	MaxVVals	MinVVals	TotalEnvInteracts	LossPi	LossV	DeltaLossPi	DeltaLossV	Entropy	KL	ClipFrac	StopIter	Time
0	-1163.8689	238.7374	-882.25006	-1649.4817	200.0	-0.07367115	0.06474035	0.07380009	-0.19486348	3000	7.756551e-08	139847.23	-0.0042194556	-5695.0156	0.91893846	0.004298846	0.042999998	79.0	2.8093671798706055
1	-1273.8988	310.81366	-859.3505	-1806.0513	200.0	-8.843986	0.97625333	-4.8462906	-9.769036	6000	-4.83195e-08	161370.5	-0.005482933	-5804.2344	0.91144496	0.0029167004	0.043666665	79.0	5.64819860458374
2	-1161.5497	263.383	-773.9061	-1667.08	200.0	-17.114576	0.24315281	-15.981718	-17.37699	9000	3.0517576e-08	128678.42	-0.005304016	-3772.8906	0.8797939	0.0039400808	0.044999998	79.0	8.428483009338379
3	-1049.6937	163.5218	-857.94196	-1466.3593	200.0	-23.112219	0.0725405	-22.806057	-23.228687	12000	-2.7974446e-08	98603.586	-0.003932177	-2864.0234	0.87191373	0.0042081093	0.028666666	79.0	11.12748098373413
4	-1178.6992	334.7797	-758.3752	-1748.5203	200.0	-28.275297	0.06939042	-28.00185	-28.33478	15000	3.8146972e-08	131572.72	-0.0032291692	-3498.5234	0.8741966	0.0050635166	0.031999998	79.0	13.9034104347229
5	-1092.0966	265.18472	-762.6982	-1643.579	200.0	-33.86331	0.030401919	-33.745438	-33.90178	18000	-2.3206075e-08	105375.24	-0.0063716443	-2861.7734	0.8805353	0.0061362213	0.03333333	79.0	16.46617817878723
6	-1236.4988	311.872	-770.83093	-1757.7058	200.0	-38.970154	0.019889154	-38.87494	-38.987827	21000	-1.4495849e-07	135224.48	-0.004122635	-3532.8594	0.8846763	0.0023109156	0.042999998	79.0	18.999287128448486
7	-1109.9744	218.50334	-827.8387	-1514.0874	200.0	-44.53875	0.016442703	-44.465027	-44.55813	24000	1.4623006e-08	101175.516	-0.005099093	-2761.0312	0.8698838	0.007814137	0.048	79.0	21.49044418334961
8	-1200.5801	329.10324	-770.352	-1771.3616	200.0	-49.53373	0.01227213	-49.47704	-49.544815	27000	4.0690104e-08	124771.22	-0.0059018754	-3231.9844	0.850735	0.005104449	0.05	79.0	24.10491633415222
9	-1161.3866	279.68384	-862.0151	-1738.6675	200.0	-54.868343	0.008955471	-54.827213	-54.877354	30000	-2.1616617e-07	109695.74	-0.0056142146	-2934.5703	0.8620844	0.0064138025	0.056333333	79.0	26.643622636795044
10	-1108.5509	198.80899	-786.6137	-1465.7803	200.0	-59.98978	0.0062446413	-59.96032	-59.996956	33000	-3.560384e-08	93110.74	-0.0056373742	-2576.875	0.8292114	0.004505688	0.045666665	79.0	29.107609510421753
11	-960.74664	126.97914	-771.4634	-1247.1976	200.0	-64.80674	0.0070165447	-64.77895	-64.81568	36000	1.2334188e-07	65400.086	-0.0065076407	-1895.1484	0.8404194	0.0047356826	0.055	79.0	31.511274576187134
12	-1103.6815	165.11548	-886.7469	-1340.7507	200.0	-69.00644	0.0030808607	-68.99099	-69.01064	39000	-8.646647e-08	86871.38	-0.00559592	-2431.289	0.84893304	0.004623009	0.044666667	79.0	33.878413438797
13	-1029.4559	180.25044	-797.8618	-1484.9877	200.0	-73.71979	0.0032391022	-73.70459	-73.72402	42000	-1.9836426e-07	74498.914	-0.0048564756	-2137.2422	0.81486505	0.0027477392	0.037	79.0	36.233970642089844
14	-1077.9221	138.51617	-863.9394	-1334.9537	200.0	-78.22007	0.003443061	-78.20807	-78.223946	45000	2.2379557e-07	77277.484	-0.0060346527	-2263.461	0.8056291	0.005799492	0.038333334	79.0	38.84383702278137
15	-1085.598	198.2233	-760.1431	-1456.8795	200.0	-82.85529	0.0021630023	-82.84654	-82.85812	48000	3.267924e-07	77385.69	-0.0040760906	-2166.3984	0.80322295	0.0050269202	0.032333333	79.0	41.24313020706177
16	-959.6627	111.28401	-765.39294	-1223.1317	200.0	-87.43099	0.0026894948	-87.4208	-87.435005	51000	-6.866455e-08	55841.17	-0.00417128	-1699.0781	0.8174601	0.005414951	0.048	79.0	43.72983455657959
17	-1003.0166	146.9609	-772.8038	-1249.0619	200.0	-91.5458	0.001869207	-91.538315	-91.54877	54000	-1.296997e-07	62164.863	-0.007866486	-1881.3125	0.8004857	0.0065664775	0.06666666	79.0	46.103716135025024
18	-950.8815	123.827065	-754.6349	-1175.8257	200.0	-95.868866	0.0017116027	-95.863914	-95.87171	57000	-9.409587e-08	53632.17	-0.0054050433	-1660.5781	0.7603895	0.003303496	0.037666667	79.0	48.48377227783203
19	-982.65533	139.9405	-739.904	-1240.0919	200.0	-99.99735	0.0012525142	-99.99404	-99.99963	60000	-4.0690104e-08	55346.414	-0.0071083056	-1721.0352	0.76146436	0.006912773	0.043666665	79.0	50.84753775596619
20	-972.58325	160.927	-756.04956	-1255.4758	200.0	-104.216896	0.0010692251	-104.21386	-104.21877	63000	7.375081e-08	55119.332	-0.00763657	-1733.6953	0.745716	0.005229609	0.07666667	79.0	53.23911690711975
21	-994.14734	160.37074	-774.7423	-1302.6326	200.0	-108.49196	0.00093246857	-108.48921	-108.49358	66000	-1.3097127e-07	55113.727	-0.008084351	-1765.0586	0.7152783	0.010245941	0.059	79.0	55.606449604034424
22	-922.0739	106.063065	-756.5735	-1107.331	200.0	-112.83706	0.00071632664	-112.83491	-112.83848	69000	2.0980835e-08	42879.7	-0.009733962	-1348.0586	0.720528	0.0031933524	0.07433333	79.0	57.99554967880249
23	-990.06445	196.08911	-631.1038	-1277.7213	200.0	-116.70476	0.00068787177	-116.702995	-116.70592	72000	1.8119811e-08	51757.86	-0.005837179	-1572.8086	0.69512427	0.007272714	0.06633333	79.0	60.36073446273804
24	-915.04877	154.82428	-615.61285	-1246.448	200.0	-120.867355	0.0006894546	-120.865	-120.86867	75000	1.7102559e-07	42148.12	-0.0070326705	-1382.9648	0.702222	0.005510619	0.051333334	79.0	62.738884925842285
25	-958.97784	127.35911	-750.44775	-1195.3345	200.0	-124.84201	0.00062019017	-124.84026	-124.84301	78000	-6.866455e-08	43728.367	-0.002022529	-1463.8398	0.6756005	0.015014867	0.15266666	8.0	64.97445607185364
26	-948.6113	97.98421	-752.15924	-1110.3766	200.0	-128.94423	0.00060514023	-128.9423	-128.94525	81000	1.4432271e-07	40622.516	-0.0073129204	-1428.5859	0.6737779	0.009397393	0.054333333	79.0	67.36134314537048
27	-936.4069	98.17577	-770.59735	-1127.8024	200.0	-133.0429	0.0005006036	-133.04147	-133.04385	84000	7.629394e-09	40358.19	-0.0057484536	-1452.3359	0.68175644	0.005988897	0.04633333	79.0	69.70916819572449
28	-917.5038	91.57852	-727.22485	-1088.3638	200.0	-137.20448	0.0005760806	-137.20273	-137.20538	87000	-1.1444092e-08	37977.332	-0.006552238	-1417.8203	0.6749139	0.007011464	0.051666666	79.0	72.09085369110107
29	-940.119	64.69002	-863.9494	-1072.4945	200.0	-141.35516	0.0003938843	-141.35396	-141.3559	90000	-9.918213e-08	39730.145	-0.00521116	-1537.0234	0.68242216	0.004834399	0.035	79.0	74.45273017883301
30	-929.20026	142.5886	-632.9387	-1176.2416	200.0	-145.69513	0.0004021715	-145.69391	-145.69568	93000	5.976359e-08	36876.742	-0.0050198045	-1377.5586	0.6884739	0.004951064	0.044	79.0	76.83866715431213
31	-960.04456	137.22931	-767.5553	-1263.5265	200.0	-149.85793	0.00042724138	-149.85658	-149.85843	96000	1.1062622e-07	37854.348	-0.008634931	-1409.1211	0.6590383	0.009153742	0.06266667	79.0	79.20425820350647
32	-907.47797	90.97256	-767.3107	-1094.171	200.0	-154.08284	0.00033508523	-154.08157	-154.08327	99000	2.0345052e-08	32093.018	-0.0061446535	-1279.082	0.68237346	0.006921993	0.059	79.0	81.5751519203186
33	-895.4095	109.532326	-751.0189	-1101.0985	200.0	-158.1556	0.00047490842	-158.15453	-158.15616	102000	-9.918213e-08	30114.154	-0.007718905	-1136.5195	0.65324366	0.008820156	0.054666664	79.0	83.93493247032166
34	-902.78754	156.06902	-732.2982	-1254.7472	200.0	-162.03206	0.00029603217	-162.03099	-162.0324	105000	9.7910565e-08	29322.773	-0.0067202896	-1092.5664	0.6731458	0.0073193638	0.049	79.0	86.29819822311401
35	-848.156	92.13895	-748.1621	-1080.3455	200.0	-165.86113	0.00027348258	-165.86017	-165.86145	108000	6.2942505e-08	23595.828	-0.007255941	-947.75195	0.6915099	0.006398154	0.054333333	79.0	88.6842520236969
36	-875.9617	122.70535	-634.4194	-1068.2737	200.0	-169.477	0.00033201574	-169.47617	-169.4774	111000	3.8782755e-08	24003.104	-0.0054245275	-945.03516	0.6882541	0.0038832808	0.032333333	79.0	91.04557013511658
37	-814.06647	90.2444	-655.27277	-985.312	200.0	-173.1119	0.0002565471	-173.11124	-173.1122	114000	1.2715658e-08	19520.19	-0.0038370108	-801.7754	0.68935627	0.0044245846	0.033999998	79.0	93.42802047729492
38	-900.63214	179.8142	-638.24335	-1187.1344	200.0	-176.51633	0.00028395714	-176.51552	-176.51666	117000	4.0690104e-08	26283.482	-0.0049073435	-941.0371	0.6805531	0.0051582917	0.059666667	79.0	95.77905559539795
39	-833.76117	94.44067	-652.1494	-1040.7013	200.0	-180.21016	0.00021758788	-180.20958	-180.21043	120000	-1.780192e-08	18847.334	-0.0058110836	-808.0254	0.64849293	0.004209018	0.026666667	79.0	98.17079520225525
40	-803.3235	124.32235	-630.7047	-1014.13367	200.0	-183.70398	0.00023036392	-183.7034	-183.70428	123000	1.335144e-08	16988.557	-0.0059028226	-658.9971	0.64639986	0.0051342994	0.047	79.0	100.53956913948059
41	-840.4128	107.88726	-630.02625	-1056.777	200.0	-186.90216	0.00020125623	-186.9016	-186.90244	126000	-1.5258788e-08	19096.586	-0.006596428	-802.49805	0.6407678	0.009322968	0.06533333	79.0	102.92899489402771
42	-795.3632	101.44036	-623.7261	-1016.27496	200.0	-190.43289	0.00016894059	-190.43248	-190.43315	129000	2.5431316e-08	15482.468	-0.0074966582	-682.4453	0.6688316	0.008770047	0.06866667	79.0	105.29560971260071
43	-791.77515	120.33372	-630.2707	-1044.8927	200.0	-193.7635	0.00013123239	-193.76312	-193.76373	132000	1.2715658e-08	13950.8955	-0.0049194945	-609.2422	0.6573281	0.007088418	0.05	79.0	107.68773341178894
44	-870.21375	202.07053	-574.66425	-1376.2269	200.0	-196.94394	0.0001187071	-196.94359	-196.9441	135000	1.9073486e-08	21370.002	-0.008344321	-778.5254	0.6668105	0.00852768	0.045333333	79.0	110.05777478218079
45	-834.7507	115.40131	-627.23	-1105.9231	200.0	-200.54562	0.000111953836	-200.54529	-200.54584	138000	-3.6875406e-08	15728.049	-0.0064161937	-706.60645	0.6847673	0.0066575976	0.040333334	79.0	112.44926261901855
46	-728.67505	155.03203	-523.75665	-1059.7601	200.0	-204.04967	0.000111920555	-204.04936	-204.04988	141000	7.629394e-09	10546.619	-0.0057977396	-427.54102	0.68393195	0.0070693297	0.054666664	79.0	114.80626392364502
47	-793.8062	109.70715	-626.31506	-1001.4442	200.0	-206.8477	0.00013069787	-206.84738	-206.84795	144000	-6.230672e-08	12512.547	-0.00762341	-570.8447	0.67308265	0.004643139	0.064333335	79.0	117.19402480125427
48	-767.9063	127.17047	-503.7446	-963.1241	200.0	-210.04546	9.4101095e-05	-210.04517	-210.04567	147000	2.2888184e-08	10831.946	-0.0069698626	-492.20898	0.6287906	0.0076884944	0.06333333	79.0	119.56526231765747
49	-776.3737	118.50438	-620.5231	-983.5949	200.0	-213.09471	9.0264475e-05	-213.09444	-213.09488	150000	-1.0808309e-08	10748.003	-0.005946998	-458.15332	0.61592203	0.0068802075	0.041	79.0	121.94276165962219
50	-769.3968	130.89845	-505.38226	-995.6184	200.0	-216.06769	0.00010205191	-216.0674	-216.06787	153000	-3.8782755e-08	10082.296	-0.0068158614	-394.7744	0.631784	0.00846498	0.059	79.0	124.31085085868835
51	-794.4221	121.32627	-602.50336	-985.07007	200.0	-218.87404	8.66855e-05	-218.87376	-218.8742	156000	-1.0172526e-08	11027.368	-0.0071547395	-499.30957	0.61796486	0.010016377	0.06866667	79.0	126.67008638381958
52	-697.4112	75.08511	-622.2826	-868.29517	200.0	-222.03838	6.6849054e-05	-222.03816	-222.03857	159000	2.0345052e-08	5998.329	-0.009147278	-300.52783	0.6326193	0.009880848	0.081	79.0	129.0366609096527
53	-720.4543	135.69528	-501.43713	-918.0109	200.0	-224.58821	6.2557316e-05	-224.58798	-224.58838	162000	5.785624e-08	6713.011	-0.007870226	-243.5581	0.6221896	0.003433559	0.07066666	79.0	131.39671659469604
54	-729.012	139.91496	-503.27655	-1018.937	200.0	-226.89369	7.5878794e-05	-226.89345	-226.89386	165000	1.780192e-08	6831.292	-0.007322601	-245.5586	0.60366595	0.004659088	0.043666665	79.0	133.7833080291748
55	-665.43585	125.43097	-409.83813	-910.0251	200.0	-229.23317	6.435761e-05	-229.23294	-229.23334	168000	-1.0172526e-08	4696.888	-0.00835316	-153.54639	0.5920449	0.0038872433	0.05733333	79.0	136.1480414867401
56	-692.3627	130.3693	-499.56317	-878.886	200.0	-231.14455	6.6877496e-05	-231.14432	-231.14471	171000	-2.5431316e-08	5144.487	-0.0057871016	-157.66162	0.58423	0.00588061	0.063999996	79.0	138.52803421020508
57	-675.85736	112.810326	-507.61285	-936.38837	200.0	-233.08292	6.8974674e-05	-233.08272	-233.0831	174000	5.976359e-08	4418.1797	-0.008254042	-148.78125	0.57389826	0.010869517	0.07966667	79.0	140.8841061592102
58	-674.4615	115.113014	-497.5597	-865.6478	200.0	-235.00563	6.467459e-05	-235.00542	-235.00577	177000	-1.0172526e-08	4433.683	-0.009009758	-82.31738	0.5843599	0.011195377	0.08066667	79.0	143.26371884346008
59	-608.066	118.023964	-377.9848	-830.77014	200.0	-236.48784	6.067935e-05	-236.48766	-236.48802	180000	-1.2079875e-08	2860.197	-0.007875377	-33.220947	0.59865063	0.006135558	0.051666666	79.0	145.6232795715332
60	-538.8353	127.783844	-254.44342	-725.1298	200.0	-237.45862	5.48956e-05	-237.45844	-237.45879	183000	2.5431316e-08	2231.3596	-0.00703588	-6.01416	0.59155816	0.012510449	0.061333332	79.0	148.0093755722046
61	-562.4481	80.64865	-383.75928	-733.4981	200.0	-237.89774	6.608013e-05	-237.8975	-237.8979	186000	-6.357829e-09	2443.4006	-0.0073434426	-0.31591797	0.59806776	0.0074209645	0.051	79.0	150.3730890750885
62	-562.1842	141.32512	-366.7759	-760.6982	200.0	-237.82571	7.393877e-05	-237.82553	-237.82588	189000	5.086263e-09	3299.8003	-0.008332473	-1.5229492	0.5888457	0.007578958	0.053999998	79.0	152.74513864517212
63	-535.7951	101.90557	-378.01883	-742.58167	200.0	-237.61629	7.869996e-05	-237.61615	-237.61653	192000	-2.5431316e-08	2054.8552	-0.00622468	-2.6738281	0.58610564	0.0062144515	0.041	79.0	155.0950927734375
64	-535.15137	82.60995	-376.3702	-628.42584	200.0	-237.33063	0.00010029757	-237.33049	-237.33092	195000	0.0	2450.7524	-0.009814255	-16.799072	0.5821704	0.012757541	0.077	79.0	157.47571730613708
65	-515.4277	108.36628	-309.0728	-727.272	200.0	-236.61517	0.00011619779	-236.61504	-236.61551	198000	-1.5258788e-08	2704.6538	-0.006839734	-19.57129	0.60044324	0.010259662	0.052333333	79.0	159.83922481536865
66	-476.14304	117.23177	-253.99527	-671.85657	200.0	-235.80257	0.00014884217	-235.80232	-235.803	201000	-2.5431315e-09	3188.1445	-0.01074396	-70.386475	0.5846075	0.012652568	0.071666665	79.0	162.21857261657715
67	-477.96774	127.72472	-251.74144	-668.2489	200.0	-234.26984	0.00022463319	-234.26933	-234.27042	204000	1.5258788e-08	3491.0312	-0.007982955	-83.08057	0.60792714	0.009766477	0.056333333	79.0	164.5757565498352
68	-406.04248	118.44371	-246.73883	-659.3717	200.0	-232.53412	0.0003396473	-232.5331	-232.53497	207000	0.0	4243.6606	-0.011348795	-176.7461	0.62602866	0.011145032	0.065	79.0	166.93237686157227
69	-431.81363	187.50655	-126.29994	-826.6471	200.0	-229.99805	0.00094586844	-229.9938	-229.99944	210000	1.0172526e-08	6181.652	-0.0070111644	-398.97607	0.6309121	0.008771662	0.055	79.0	169.30193567276
70	-379.7962	167.32535	-2.872615	-628.9904	200.0	-225.58041	7.91864	-144.07356	-227.09105	213000	1.7484028e-08	8217.883	-0.010705359	-4977.8545	0.6251885	0.010797772	0.052	79.0	171.667329788208
71	-304.47418	192.12944	-127.11159	-742.12695	200.0	-158.82733	29.533373	-105.4739	-225.40865	216000	-1.2715658e-08	5020.1934	-0.011365188	-2731.253	0.639781	0.008215034	0.060333334	79.0	174.06408262252808
72	-352.2919	172.19315	-3.0913708	-683.6314	200.0	-114.0337	44.803726	-47.507328	-224.05585	219000	-1.6530354e-08	2563.1343	-0.01352561	-1177.1261	0.6589569	0.0121184755	0.075666666	79.0	176.4400234222412
73	-342.14255	131.68172	-125.03353	-556.73224	200.0	-89.21037	57.816364	-31.6777	-225.69305	222000	1.0172526e-08	1352.5195	-0.0069602993	-716.53644	0.66864145	0.004545369	0.041666668	79.0	178.8354184627533
74	-296.5705	146.68097	-2.7002878	-496.99744	200.0	-59.291843	55.151634	-3.5027323	-225.78508	225000	-2.0345052e-08	625.75555	-0.009626612	-167.98343	0.6811614	0.0055064377	0.046666667	79.0	181.18427228927612
75	-164.33942	83.76208	-3.5960534	-248.12791	200.0	-33.973625	41.633644	-1.7868934	-225.92657	228000	-6.357829e-09	278.6017	-0.0055322913	-178.65172	0.6826948	0.020340998	0.259	3.0	183.45004415512085
76	-232.03905	186.1309	-122.52955	-743.46606	200.0	-27.952564	43.272808	7.1153526	-225.59387	231000	-1.2715658e-08	2452.448	-0.008170547	-887.60754	0.6828184	0.00789436	0.053999998	79.0	185.81835103034973
77	-217.26567	123.98836	-3.4403162	-411.3594	200.0	-34.959274	61.056602	18.963182	-226.16074	234000	-8.265177e-09	643.21643	-0.01073295	-266.1259	0.6681888	0.0037913804	0.11766666	79.0	188.19756293296814
78	-149.04692	134.72641	-2.507169	-386.64896	200.0	-17.280766	44.329044	16.594229	-225.93779	237000	-3.814697e-09	123.89343	-0.004629229	-52.331017	0.645363	0.021455774	0.31733334	3.0	190.43322038650513
79	-173.40718	109.1663	-3.1105886	-387.30725	200.0	-18.030464	47.81971	9.970604	-225.72554	240000	0.0	202.07327	-0.007821218	-93.79894	0.64410913	0.0054780133	0.061333332	79.0	192.82488560676575
80	-221.60078	128.07683	-1.6797597	-502.82147	200.0	-18.01785	40.277786	13.126492	-224.42555	243000	-5.086263e-09	1904.3978	-0.010033613	-632.8533	0.6419799	0.007058276	0.072	79.0	195.18437480926514
81	-241.03365	130.78911	-2.8345015	-457.05466	200.0	-30.989708	54.0063	3.6982167	-225.56924	246000	1.5258788e-08	588.219	-0.015633468	-110.24341	0.6338512	0.0071478114	0.12633333	79.0	197.5749843120575
82	-245.5442	115.98247	-117.1655	-466.19833	200.0	-29.657942	59.4226	3.607901	-225.80643	249000	6.357829e-09	294.7642	-0.0024672712	-115.167694	0.6396934	0.015087434	0.20633332	4.0	199.8133885860443
83	-202.44208	107.40225	-117.61941	-408.36777	200.0	-18.854635	49.122845	4.543456	-225.74701	252000	6.357829e-09	153.26105	-0.0016356837	-25.024933	0.6399399	0.019101068	0.223	3.0	202.06086087226868
84	-254.35085	135.1114	-4.550214	-513.2765	200.0	-19.821075	49.070057	5.7435274	-224.5666	255000	0.0	1659.7109	-0.009812622	-912.4451	0.63984215	0.008971465	0.057	79.0	204.4428391456604
85	-220.02956	177.79614	-5.7389584	-761.13043	200.0	-24.515848	53.06899	16.83378	-225.77318	258000	2.5431316e-08	1908.6073	-0.009907348	-516.16895	0.6777674	0.011051325	0.113	79.0	206.8003008365631
86	-226.59291	81.59866	-124.91052	-378.43607	200.0	-26.05585	56.601414	20.200893	-226.21558	261000	0.0	584.584	-0.0039020067	-332.75854	0.6415898	0.01933598	0.24533333	2.0	209.0668125152588
87	-225.55006	171.65074	-2.7365296	-557.38354	200.0	-22.081192	53.946968	4.509557	-225.10025	264000	-1.2715658e-08	514.4981	-0.0009081065	-223.74265	0.6415556	0.027134297	0.33699998	2.0	211.30280876159668
88	-245.35255	138.12755	-116.14474	-627.24805	200.0	-26.720583	54.082703	4.0367885	-226.75783	267000	5.086263e-09	1855.5184	-0.009321034	-560.4458	0.6416673	0.006600273	0.09633333	79.0	213.69725227355957
89	-214.1775	152.13007	-2.1008484	-561.7774	200.0	-23.789082	53.693108	27.491444	-226.76372	270000	8.90096e-09	618.5755	-0.0012828737	-121.390686	0.62868214	0.022430526	0.30533332	2.0	215.91719961166382
90	-203.6846	134.59895	-3.1445577	-462.7734	200.0	-19.917355	50.93813	11.237026	-227.04274	273000	-1.0172526e-08	183.68207	0.0024670563	-54.780243	0.6281418	0.03216013	0.35966668	2.0	218.18491530418396
91	-176.11035	109.4419	-4.6356235	-390.5073	200.0	-16.554352	45.272594	7.0983353	-227.16139	276000	-1.0172526e-08	136.21373	-0.0013551179	-35.87654	0.6274842	0.018643158	0.25766668	9.0	220.43511843681335
92	-156.47198	68.658	-3.423616	-250.71172	200.0	-13.118333	35.460136	3.3997598	-211.70264	279000	-5.086263e-09	56.52852	-0.0012249018	-23.991432	0.62283516	0.01670275	0.24133334	4.0	222.6938292980194
93	-272.1426	134.61853	-7.0504456	-437.9248	200.0	-29.034075	58.198837	1.5637553	-226.47304	282000	-1.0172526e-08	195.38168	-0.011305529	-48.469162	0.62139386	0.009902718	0.046	79.0	225.06010675430298
94	-188.85785	117.505066	-3.1990814	-395.8138	200.0	-21.363781	51.639683	2.1004555	-227.28363	285000	0.0	186.75296	-0.002836474	-89.05855	0.632981	0.018970488	0.26433334	3.0	227.30905675888062
95	-197.66878	126.20696	-120.79336	-511.91943	200.0	-14.275125	38.892017	11.85281	-226.35632	288000	5.086263e-09	1098.6803	-0.008479304	-548.325	0.6330048	0.0043559587	0.031999998	79.0	229.67738151550293
96	-128.84006	92.183334	-4.597705	-270.80945	200.0	-14.03013	36.6104	4.288739	-226.04344	291000	1.0808309e-08	171.45627	-0.0065188375	-61.404083	0.6313168	0.016652165	0.226	10.0	231.92684674263
97	-175.67062	88.05582	-4.130148	-382.31583	200.0	-16.388107	38.55724	3.9953485	-215.52637	294000	-1.0172526e-08	279.78668	-0.0014058432	-74.76544	0.6293231	0.015218419	0.16566667	3.0	234.30436491966248
98	-191.06804	169.09799	-2.7407482	-621.3545	200.0	-19.685717	48.140793	3.1763232	-226.90234	297000	1.5258788e-08	634.92377	-0.0035760803	-150.16501	0.62862056	0.018274078	0.198	2.0	236.81377005577087
99	-191.60205	91.334755	-119.51557	-388.68027	200.0	-18.029434	49.066402	12.645887	-227.53632	300000	-2.5431315e-09	230.93112	0.00093714905	-77.021255	0.62820625	0.025439126	0.33566666	2.0	239.18293285369873
100	-214.25465	134.91808	-1.4902385	-582.6707	200.0	-19.625225	52.12787	10.8626795	-227.08531	303000	1.0172526e-08	287.2219	0.00020968627	-49.292297	0.62774456	0.018584754	0.30633333	3.0	241.51944708824158
101	-145.40639	98.531944	-0.8879702	-358.66245	200.0	-12.261917	36.74905	9.477568	-227.14246	306000	-1.0172526e-08	81.61992	-0.01049707	-38.985275	0.62732315	0.0076633855	0.083333336	79.0	244.04625988006592
102	-175.24608	137.5418	-1.2252185	-473.15213	200.0	-16.575172	47.68998	4.4857264	-227.75673	309000	-8.265177e-09	154.50754	-0.0024634534	-36.998077	0.6203096	0.020512125	0.28566667	4.0	246.37271666526794
103	-171.24435	85.38178	-119.27992	-363.60983	200.0	-12.419437	37.11057	8.914734	-225.86304	312000	-2.5431316e-08	83.476524	-0.0011384125	-42.651875	0.61941594	0.016762951	0.29233333	4.0	248.7297966480255
104	-197.58661	98.552635	-2.4115753	-373.84467	200.0	-18.743784	49.2426	6.0979786	-228.27228	315000	1.0172526e-08	104.39227	-0.010835271	-44.441986	0.61800975	0.0049183997	0.036	79.0	251.18915438652039
105	-213.51083	109.825584	-2.1774075	-405.52032	200.0	-20.389605	48.143375	3.4460888	-227.34859	318000	9.536743e-09	123.38473	-0.010383559	-27.038269	0.5852002	0.0032742487	0.042666666	79.0	253.62846279144287
106	-151.6757	136.49669	-2.2522385	-460.71405	200.0	-13.570395	41.726276	6.7989283	-227.95918	321000	-2.2888184e-08	168.61253	-0.0031900941	-44.879547	0.54613316	0.01664078	0.23666666	5.0	255.90383672714233
107	-152.68953	87.431435	-1.8814603	-320.57306	200.0	-13.801919	37.97049	0.09659362	-223.72455	324000	-1.0172526e-08	82.00539	-0.0034250284	-31.095055	0.544704	0.020499416	0.23666666	3.0	258.28694772720337
108	-131.91539	33.64298	-117.429405	-257.17484	200.0	-9.539398	27.58526	7.9314837	-149.04823	327000	5.086263e-09	118.516624	-0.013432368	-24.404106	0.543965	0.005524393	0.11666667	79.0	260.76359844207764
109	-195.32089	102.74208	-1.5364071	-378.87357	200.0	-18.274805	45.22861	4.7707734	-226.94777	330000	1.5258788e-08	150.43701	-0.011296633	-56.629326	0.54187566	0.004154317	0.041	79.0	263.3999409675598
110	-166.03525	97.97943	-1.4308741	-369.60477	200.0	-14.831357	40.884098	3.3100433	-227.27852	333000	0.0	62.319344	-0.012578822	-7.919449	0.53655666	0.0035065804	0.039333332	79.0	265.780473947525
111	-163.92545	133.96169	-1.6297001	-437.36447	200.0	-14.821164	43.443314	3.0970397	-227.86087	336000	-2.5431315e-09	85.77232	-0.002128845	-10.325478	0.52879417	0.021895368	0.27666667	3.0	268.31874561309814
112	-167.23091	87.081085	-0.88924557	-351.45477	200.0	-15.07153	40.052345	4.122533	-227.63782	339000	2.0345052e-08	68.272285	-0.011651151	-22.296677	0.5283797	0.008431983	0.1	79.0	270.81318616867065
113	-182.68147	123.6568	-1.8092679	-530.932	200.0	-15.469943	42.139164	4.641634	-227.63812	342000	1.0172526e-08	171.38489	-0.0017567978	-37.972427	0.51104885	0.01915106	0.17333333	4.0	273.1324517726898
114	-157.68423	86.02812	-1.6280774	-379.90674	200.0	-13.3739605	39.30139	9.239029	-228.97287	345000	5.086263e-09	51.457188	-0.011664019	-24.482107	0.5100104	0.005653467	0.084	79.0	275.6704468727112
115	-147.90887	49.847755	-118.68304	-253.55136	200.0	-10.199735	30.307125	2.4722269	-218.30252	348000	-5.086263e-09	52.6838	-0.009841111	-23.415693	0.48234025	0.0052672643	0.048666667	79.0	278.17667746543884
116	-227.301	114.977585	-120.05573	-539.99884	200.0	-20.047466	48.697475	5.3003283	-227.76639	351000	2.5431315e-09	236.6064	-0.010346144	-81.32349	0.45377353	0.0065209134	0.050666668	79.0	280.66696643829346
117	-140.17886	98.88945	-1.19382	-381.1113	200.0	-11.6029	34.605923	4.702296	-226.69809	354000	1.780192e-08	34.432343	-0.011980415	-8.054029	0.45784268	0.009785634	0.042999998	79.0	283.2326271533966
118	-115.86142	68.45034	-1.3522385	-243.42685	200.0	-9.47629	29.225922	3.0219345	-205.64691	357000	0.0	33.67614	-0.0072056223	-21.380932	0.46534032	0.004872912	0.06966667	79.0	285.8942241668701
119	-142.80373	113.38718	-1.059012	-399.63715	200.0	-12.987268	37.71227	6.0328903	-229.30559	360000	3.560384e-08	102.93739	-0.006842872	-67.56	0.43182516	0.016454706	0.17533334	13.0	288.2317461967468
120	-146.4357	67.43816	-1.8262712	-249.08481	200.0	-11.2823715	32.92876	11.065247	-207.9336	363000	-1.2715658e-08	27.407255	-0.01039255	-10.571724	0.4311783	0.011152793	0.082666665	79.0	290.6241638660431
121	-153.83864	82.24034	-1.2352372	-248.75072	200.0	-12.846633	34.398556	3.5951636	-219.08229	366000	0.0	68.96122	-0.010284668	-29.404732	0.42410833	0.007760569	0.050666668	79.0	293.10806822776794
122	-122.707	42.77605	-1.5962389	-235.00473	200.0	-8.651954	26.509071	2.694869	-197.11801	369000	1.1761983e-08	10.430218	-0.0054386472	-4.969781	0.42753303	0.015607085	0.207	13.0	295.34062123298645
123	-237.95906	223.19841	-1.7311258	-874.8673	200.0	-20.326252	43.922253	2.0614126	-229.50787	372000	-1.0172526e-08	3861.762	-0.006075287	-2051.125	0.42547616	0.0026047446	0.03533333	79.0	297.7076835632324
124	-184.14752	107.54383	-2.4088705	-450.02054	200.0	-22.453163	51.366306	1.0570931	-232.14668	375000	0.0	420.15787	-0.008997589	-271.15594	0.4319049	0.0049309656	0.030666666	79.0	300.047260761261
125	-188.76802	75.93329	-1.4608542	-257.83786	200.0	-18.04523	45.75803	10.719589	-230.98764	378000	-1.3987223e-08	143.21869	-0.0070174444	-68.37171	0.42505756	0.017015407	0.24666667	17.0	302.3990755081177
126	-159.82008	66.98907	-116.88526	-342.4568	200.0	-13.086393	38.692104	5.9797974	-229.52559	381000	7.629394e-09	67.85452	-0.009601697	-33.535217	0.42125452	0.0027690623	0.027333332	79.0	304.84521079063416
127	-155.21294	70.39298	-1.5998651	-256.71	200.0	-13.984021	36.234634	6.1773176	-210.68803	384000	0.0	148.55275	-0.008177124	-26.099525	0.41378376	0.005743549	0.075333335	79.0	307.4857840538025
128	-198.02736	101.573044	-116.43963	-378.94083	200.0	-17.192955	47.02217	5.228181	-230.04678	387000	-7.629394e-09	42.078163	-0.010044833	-15.816465	0.42033657	0.007435226	0.09133333	79.0	309.9824056625366
129	-169.6479	84.685295	-1.1279452	-359.33273	200.0	-13.287705	38.451885	3.64262	-229.10204	390000	-5.086263e-09	108.47354	-0.011663297	-19.038857	0.4111004	0.0076918756	0.125	79.0	312.4377293586731
130	-152.6929	77.69671	-1.3374759	-334.2515	200.0	-12.704387	38.051517	1.173105	-230.40709	393000	-8.90096e-09	31.117239	-0.010400049	-17.658312	0.42326793	-0.0008917198	0.040333334	79.0	314.9858458042145
131	-151.56471	97.56492	-0.4929274	-363.54126	200.0	-12.136712	39.223145	2.3027248	-229.64297	396000	-2.9246012e-08	47.275307	-0.002519749	-24.710503	0.38468075	0.021413252	0.24733333	3.0	317.3823654651642
132	-156.81076	56.458447	-120.10127	-256.1737	200.0	-11.410706	32.743954	2.7060485	-207.91731	399000	-5.086263e-09	94.49938	-0.0032271321	-32.061028	0.38344955	0.015844759	0.13966666	13.0	319.8536205291748
133	-163.82153	86.0181	-0.73184	-330.8669	200.0	-14.163974	40.3591	5.3870425	-229.49312	402000	-1.0172526e-08	80.74669	-0.0041364618	-55.264633	0.382611	0.025837107	0.35066667	2.0	322.19719433784485
134	-148.92862	107.11241	-0.50554806	-393.29074	200.0	-11.562432	36.395805	6.757414	-226.53671	405000	1.0172526e-08	39.352665	0.0014320858	-15.655806	0.38294196	0.015934061	0.215	2.0	324.4964528083801
135	-115.56279	72.42853	-0.5692901	-258.03564	200.0	-8.151094	26.817766	1.2807882	-171.92044	408000	1.0172526e-08	25.268677	-0.010943232	-7.9925423	0.3832469	0.010238019	0.09833333	79.0	326.87154841423035
136	-126.90649	85.33709	-0.65414906	-318.78052	200.0	-9.676983	34.031113	4.4120655	-229.67302	411000	1.0172526e-08	32.967907	-0.009028829	-26.586273	0.37626374	0.0070738904	0.051666666	79.0	329.5118079185486
137	-220.45996	200.05205	-115.70939	-932.19934	200.0	-16.65066	40.72118	3.4988048	-216.81546	414000	-7.629394e-09	3027.5593	-0.008925135	-1201.906	0.37973893	0.0045185355	0.029666666	79.0	331.9554181098938
138	-244.91893	230.27249	-0.7721513	-853.7528	200.0	-33.69306	58.524258	2.629988	-232.43036	417000	2.2888184e-08	4108.5864	-0.0016605861	-760.3198	0.38407698	0.015982797	0.205	2.0	334.2401144504547
139	-203.04752	97.43118	-2.3224933	-393.56195	200.0	-21.585867	52.8841	5.1354113	-239.25266	420000	-1.5258788e-08	348.0318	-0.009911026	-234.66452	0.384146	0.005263017	0.065	79.0	336.62755012512207
140	-148.7276	98.93982	-0.3573303	-412.0989	200.0	-12.854653	38.12326	7.9438553	-235.82442	423000	1.0172526e-08	152.4267	-0.0026687623	-80.19765	0.37029207	0.016531954	0.24233334	4.0	338.9324429035187
141	-135.02077	89.81518	-0.48595014	-311.1353	200.0	-11.435745	38.58114	4.20398	-238.0773	426000	1.780192e-08	74.84695	-0.010516944	-56.607323	0.36945674	0.00048293968	0.036666665	79.0	341.336550951004
142	-124.90247	128.43332	-0.46299103	-535.99194	200.0	-9.01076	33.81486	6.307597	-221.97723	429000	5.086263e-09	148.5678	-0.0028434703	-57.13218	0.33357492	0.015984852	0.24633333	5.0	343.62845730781555
143	-138.53703	63.044113	-2.365369	-260.03677	200.0	-8.890825	29.955973	5.008599	-219.86427	432000	-7.629394e-09	40.65052	-0.00899954	-20.227774	0.3323673	0.007136467	0.040666666	79.0	346.3155927658081
144	-122.30704	90.46599	-0.796656	-369.9293	200.0	-8.732238	30.77541	1.4495871	-237.04329	435000	1.2715658e-08	55.894344	-0.004223424	-16.73798	0.32476676	0.015831454	0.15933333	4.0	348.6110272407532
145	-187.52855	59.98822	-118.77846	-253.53282	200.0	-14.719118	39.6841	2.0521812	-237.48619	438000	5.086263e-09	64.56428	-0.007901346	-34.72123	0.3245519	0.0028917424	0.075666666	79.0	351.1273715496063
146	-143.01416	106.19192	-0.6860593	-351.96695	200.0	-11.371097	37.223583	0.82425547	-239.47078	441000	6.357829e-09	26.426529	-0.009237006	-16.536411	0.3119789	0.0023498274	0.029666666	79.0	353.5818510055542
147	-173.58347	75.55224	-1.785379	-258.4606	200.0	-14.051146	40.762814	2.944157	-225.2159	444000	0.0	20.905262	-0.008243195	-12.155042	0.28415465	0.004921334	0.042999998	79.0	355.9494881629944
148	-167.5499	102.0902	-0.6586981	-361.4135	200.0	-13.435464	40.45485	1.7795851	-237.37915	447000	-2.5431316e-08	10.681015	-0.014428813	-3.4983196	0.25307998	0.012200137	0.082333334	79.0	358.4015746116638
149	-146.78606	79.51864	-0.6754585	-256.10535	200.0	-11.724781	35.69651	1.4377074	-220.4521	450000	9.536743e-10	32.076614	-0.0033162755	-17.397224	0.23749255	0.019197151	0.26166666	5.0	360.7580156326294
150	-148.62186	82.49109	-0.9703751	-265.36777	200.0	-10.794759	33.69941	2.8724597	-231.35957	453000	-2.0345052e-08	37.634754	-0.011539797	-21.330927	0.23642087	0.0053365375	0.038666666	79.0	363.19760608673096
151	-187.22357	72.86508	-119.6575	-342.71823	200.0	-14.612016	40.481293	0.77975416	-233.28275	456000	-3.560384e-08	17.684305	-0.013192747	-6.037343	0.23787606	0.0066237934	0.038666666	79.0	365.7792522907257
152	-146.32253	64.618416	-4.018241	-246.82912	200.0	-10.490568	31.795519	0.2663803	-210.276	459000	-1.0172526e-08	23.146791	-0.010244496	-8.997362	0.24514233	0.003537139	0.053	79.0	368.31056690216064
153	-186.39284	122.505066	-1.304152	-424.5939	200.0	-14.90232	41.137177	2.0653484	-229.48866	462000	5.086263e-09	135.22383	-0.008163798	-107.79352	0.22157083	0.0038499366	0.024333334	79.0	370.81216621398926
154	-130.59366	97.08759	-0.8809751	-393.33322	200.0	-10.080466	33.51166	0.12388015	-242.25105	465000	-2.6067097e-08	28.718372	-0.0055838404	-18.034908	0.21641503	0.016024776	0.204	12.0	373.12643694877625
155	-174.41788	111.89294	-2.2716148	-387.42636	200.0	-14.620395	41.723385	1.0772457	-242.69925	468000	1.9073485e-09	546.1816	-0.015343348	-274.772	0.21799755	0.009879724	0.048	79.0	375.5193054676056
156	-170.18074	116.29018	-0.7742741	-421.4529	200.0	-16.140411	44.91817	4.038864	-238.8064	471000	-1.5258788e-08	99.41144	-0.00097388966	-70.20155	0.2214948	0.022090327	0.302	2.0	377.91690707206726
157	-112.68762	78.44683	-0.6599107	-345.33652	200.0	-8.414567	30.270092	1.9000714	-241.35425	474000	-1.2715657e-09	18.950521	-0.0042193118	-15.463754	0.22140658	0.026302136	0.357	7.0	380.3141887187958
158	-142.04941	69.06631	-2.3123412	-318.6811	200.0	-10.083473	32.853573	5.6254406	-240.39963	477000	-2.5431315e-09	29.487625	-0.005034612	-26.191511	0.22021212	0.0053029093	0.05533333	79.0	382.8825635910034
159	-169.75249	113.04666	-0.53350705	-360.0814	200.0	-14.47926	41.995533	2.4941635	-239.54584	480000	-1.335144e-08	32.787914	-0.009251157	-15.498476	0.18637215	0.011063758	0.085	79.0	385.42894315719604
160	-143.49008	84.78906	-0.8280311	-331.92694	200.0	-11.275401	35.449917	1.8963113	-239.91632	483000	2.5431315e-09	14.031674	-0.006609685	-10.66696	0.16081417	0.030689321	0.434	8.0	387.8261845111847
161	-137.65009	73.731186	-0.3929076	-254.72307	200.0	-10.33139	32.06063	1.2295613	-214.33667	486000	-1.1444092e-08	12.7783785	-0.0060978783	-9.454898	0.15943025	0.006612686	0.055	79.0	390.2779610157013
162	-129.305	69.393906	-0.36744902	-250.82234	200.0	-8.954448	29.744293	1.109236	-224.85612	489000	1.5258788e-08	12.990634	-0.0015105946	-7.7185097	0.16759682	0.016839514	0.29299998	4.0	392.5279450416565
163	-160.33278	114.16183	-0.51980036	-433.66315	200.0	-13.022187	39.00276	2.7379391	-221.79349	492000	5.086263e-09	66.37441	-0.015871206	-34.372253	0.1676799	0.00895526	0.07766666	79.0	395.0874834060669
164	-162.03696	94.44529	-0.6304615	-353.25378	200.0	-13.190133	39.88811	1.565939	-239.90565	495000	-1.5258788e-08	43.57968	-0.011169767	-28.71088	0.16307533	0.004173244	0.047333334	79.0	397.523113489151
165	-97.402725	48.468803	-0.37447572	-127.09191	200.0	-5.666565	21.365461	1.2960045	-118.26238	498000	1.0172526e-08	4.7092896	-0.0038675244	-3.3731964	0.12327063	0.017124552	0.25066668	3.0	399.8243486881256
166	-147.16083	95.51896	-0.3523398	-396.91907	200.0	-11.437784	36.333073	4.4453983	-240.86761	501000	-1.0808309e-08	34.445446	-0.000347878	-19.324722	0.12216866	0.020524483	0.206	2.0	402.08984422683716
167	-187.6381	115.3702	-0.9689519	-390.8168	200.0	-16.226088	45.22222	1.7482865	-240.30617	504000	5.086263e-09	59.186584	-0.00051712035	-25.05212	0.12162697	0.01503334	0.217	3.0	404.37610030174255
168	-144.49438	73.48527	-1.8103957	-324.1354	200.0	-10.791158	33.74878	2.0514722	-235.93335	507000	2.2888184e-08	16.20808	-0.0043337694	-9.164937	0.121281505	0.017545255	0.19466667	8.0	406.63112235069275
169	-166.49123	64.726425	-116.07594	-298.71252	200.0	-12.470464	37.8061	2.9543302	-233.39156	510000	-1.5258788e-08	14.998639	-0.009390854	-10.062788	0.12100315	0.0026002894	0.031333335	79.0	409.03586196899414
170	-172.9868	78.19013	-1.663905	-283.25278	200.0	-12.6796875	37.99921	1.45386	-225.90881	513000	1.5258788e-08	25.97376	-0.008605183	-18.817675	0.104649425	0.016281798	0.198	19.0	411.28971672058105
171	-117.839066	108.03402	-0.27807626	-335.7191	200.0	-9.113393	33.7931	1.4227147	-229.59161	516000	5.086263e-09	28.448568	-0.0038639882	-24.025452	0.10240781	0.016880902	0.24833333	8.0	413.58371472358704
172	-160.709	94.37695	-2.1417117	-384.6133	200.0	-12.130495	36.347908	2.8303046	-236.68779	519000	3.0517576e-08	80.36516	-0.011165754	-58.622414	0.10067594	0.005902873	0.053666666	79.0	415.95641684532166
173	-128.94711	102.42826	-0.3803198	-349.43155	200.0	-9.674668	34.450485	1.9163709	-243.27281	522000	-1.2079875e-08	5.363285	-0.011000588	-2.9398944	0.07641876	0.0068749213	0.051	79.0	418.3587067127228
174	-136.47092	96.09846	-0.4236455	-247.69566	200.0	-9.924668	32.881924	1.6202438	-216.46133	525000	-1.2715657e-09	56.363045	-0.0026660806	-45.152184	0.053644896	0.020495625	0.27333334	3.0	420.5943350791931
175	-107.2232	64.18238	-1.1994745	-267.58505	200.0	-7.474693	27.769903	4.006891	-224.36687	528000	3.560384e-08	50.616432	-0.0020035515	-47.052494	0.053194284	0.022797128	0.26033333	5.0	422.84874725341797
176	-153.34831	69.67643	-0.5467247	-247.6487	200.0	-9.602077	30.632315	2.304051	-215.21745	531000	0.0	67.67381	-0.0026033097	-56.809563	0.052316304	0.017898625	0.37566665	2.0	425.096736907959
177	-164.39125	75.239555	-1.134273	-278.57086	200.0	-12.043419	37.215054	2.3038654	-223.53879	534000	6.357829e-09	6.446186	-0.01123665	-3.6727679	0.051814795	0.00045988578	0.025	79.0	427.47670125961304
178	-154.18701	81.891685	-0.23812847	-361.32758	200.0	-11.159835	33.366905	0.6984949	-236.29222	537000	-2.5431315e-09	40.81795	-0.010297368	-29.37247	0.022257686	0.0064834817	0.029666666	79.0	429.85525035858154
179	-175.86673	81.63461	-115.31942	-375.98126	200.0	-14.484027	42.113884	2.953907	-243.88014	540000	-2.0345052e-08	13.480436	-0.006102529	-7.28656	0.043091655	0.017625486	0.22166666	14.0	432.10457849502563
180	-156.04022	143.38719	-0.13605694	-379.08917	200.0	-14.335108	45.306458	0.985338	-243.81166	543000	1.1444092e-08	14.782351	-0.014023897	-8.360859	0.04319632	0.0049073026	0.051666666	79.0	434.51106905937195
181	-162.3082	72.45034	-0.22300977	-258.92108	200.0	-12.52483	35.63838	1.6196578	-225.51953	546000	7.629394e-09	56.504196	-0.010778788	-42.96322	0.048848033	0.0053928923	0.037666667	79.0	436.87466859817505
182	-208.69028	77.78776	-117.829445	-362.00665	200.0	-17.809317	45.504616	2.9956682	-236.88937	549000	-5.086263e-09	11.64194	-0.015541564	-7.3040047	0.06285441	0.0084549645	0.047666665	79.0	439.3788526058197
183	-177.36745	73.7936	-116.4708	-358.00696	200.0	-13.885222	40.774456	2.2018971	-245.41484	552000	-5.086263e-09	12.928739	-0.011856931	-6.092766	0.07459128	0.0047359187	0.052666668	79.0	441.88095116615295
184	-158.40991	58.46803	-117.85289	-298.62204	200.0	-12.785406	36.241375	0.41634774	-228.65526	555000	2.5431315e-09	14.642731	-0.005877983	-9.779976	0.043101553	0.016110742	0.27066666	14.0	444.2519953250885
185	-122.30483	60.56915	-1.7624319	-241.34842	200.0	-8.427008	28.737617	3.8635395	-212.707	558000	-2.0345052e-08	5.702874	-0.011442091	-3.804014	0.041281223	0.008462777	0.074	79.0	446.63132762908936
186	-150.3307	107.12128	-0.12967616	-382.74713	200.0	-11.292046	35.94159	2.1759403	-224.54445	561000	1.2715657e-09	67.38503	-0.00899853	-47.932587	-0.0002361536	0.0021718908	0.029333333	79.0	449.04452657699585
