Epoch	AverageEpRet	StdEpRet	MaxEpRet	MinEpRet	EpLen	AverageVVals	StdVVals	MaxVVals	MinVVals	TotalEnvInteracts	LossPi	LossV	DeltaLossPi	DeltaLossV	Entropy	KL	Time
0	11.266767	6.739406	61.390846	3.6560757	23.571428	0.03654234	0.1496305	0.38356182	-0.27951974	2000	-0.002910042	52.49795	0.0	-27.772427	0.91893846	7.1525574e-10	1.8663105964660645
1	13.06517	6.2505803	33.049065	4.195967	24.725	3.4836605	3.1529107	7.619082	-7.027979	4000	-0.044818267	21.525942	0.0	-6.4339905	0.9190386	4.053116e-09	3.7139956951141357
2	13.885549	6.8082414	35.939907	4.4711976	25.24359	4.187117	4.516421	10.958582	-6.3611484	6000	0.008536225	18.647673	0.0	-2.9580383	0.91888183	3.5762788e-09	5.463641881942749
3	14.908528	7.706928	44.014458	4.6136947	24.666666	5.112575	4.9930763	13.607283	-5.258422	8000	0.008919235	19.558754	0.0	-2.464964	0.9188015	5.602837e-09	7.19650936126709
4	17.714348	14.383904	78.97354	2.6577296	28.169014	5.6185718	5.924912	16.764359	-5.510301	10000	-0.029167246	78.40911	0.0	-15.584702	0.91879404	-7.1525574e-10	8.963355541229248
5	16.506296	10.594218	57.12799	4.908873	27.082191	8.062992	7.6471524	22.374495	-3.6847415	12000	-0.0051349946	40.73487	0.0	-5.2240105	0.91873574	5.3048135e-09	10.73629355430603
6	20.132404	15.209335	97.598816	4.162012	27.84507	8.486459	6.848215	23.307392	-3.2814763	14000	-0.0118252495	85.317825	0.0	-9.71225	0.91867715	1.7881394e-10	12.462571859359741
7	21.780636	19.000986	131.99843	5.793362	29.833334	9.728674	8.2549095	26.971989	-8.080733	16000	0.029619478	123.09303	0.0	-19.888283	0.91861457	2.9206277e-09	14.183347463607788
8	29.587374	38.133743	268.8151	5.672592	37.25	11.65898	9.657725	34.904446	-5.078959	18000	-0.05056633	566.75323	0.0	-168.82364	0.9185957	-3.397465e-09	16.106563806533813
9	28.12102	36.570316	211.04944	6.0833817	34.12069	16.392466	16.365355	48.75993	-7.0391884	20000	-0.08789314	475.11703	0.0	-61.62561	0.9185288	6.4969066e-09	17.910022258758545
10	41.31188	47.332535	248.01773	7.766031	40.625	22.87239	17.269989	54.59355	-4.996293	22000	0.002480545	817.22327	0.0	-175.59863	0.9184341	-8.3446505e-10	19.733089923858643
11	47.12414	54.883823	210.24582	6.225709	45.0	27.781294	19.589306	60.528553	-19.204943	24000	-0.03615316	903.32367	0.0	-147.93188	0.91834664	4.1723253e-10	21.720633029937744
12	54.759464	56.86907	243.92082	6.6127486	47.595238	33.897224	20.017193	64.41193	-9.808524	26000	-0.024093015	985.78033	0.0	-162.1159	0.91825175	-2.2649767e-09	23.40573000907898
13	79.96835	75.65081	242.60843	14.593871	60.78125	38.36465	19.353027	67.52102	-8.281001	28000	-0.02392067	1143.6648	0.0	-289.2586	0.91815054	-1.8477441e-09	25.230683088302612
14	98.07917	78.85901	251.88196	9.898394	69.96429	48.58335	26.461601	77.13249	-16.550625	30000	-0.0493743	1241.7435	0.0	-284.64508	0.918036	-5.1856044e-09	27.045759677886963
15	95.20322	77.020355	235.53342	8.745129	65.75862	60.43768	22.550377	81.63488	-12.264876	32000	-0.00022047425	1020.02344	0.0	-242.7846	0.91790235	-5.960465e-11	28.867931365966797
16	105.409355	68.89601	282.4928	13.264402	71.74074	52.896812	24.75722	86.46032	-2.9327452	34000	-0.029121697	1013.5923	0.0	-237.03992	0.9177788	4.9471858e-09	30.576841354370117
17	108.575356	63.150303	252.30371	10.463078	72.62963	58.778297	22.102163	86.15969	-7.756973	36000	-0.048341755	687.10614	0.0	-109.448975	0.91765076	2.8014184e-09	32.34905457496643
18	109.6991	55.151638	193.94093	17.811165	70.25	58.778168	21.108727	86.25073	-8.628018	38000	-0.084134325	631.3024	0.0	-126.644165	0.91750324	-1.1324883e-09	34.071685791015625
19	123.037	56.07411	224.02359	24.158875	76.42308	54.249203	22.00011	84.39082	-3.2606876	40000	-0.015390351	791.5078	0.0	-188.29053	0.91732144	5.9604646e-09	35.81942582130432
20	123.27743	59.35029	254.67957	15.209847	75.65385	59.7003	20.980268	85.48697	-0.08423239	42000	0.0061920285	638.456	0.0	-135.26459	0.9171477	-1.4901161e-09	37.56065130233765
21	126.51359	66.255264	223.60771	18.860338	74.92308	60.4761	22.780151	88.16014	-9.07529	44000	0.019541528	639.1323	0.0	-122.25293	0.9169995	-5.3644184e-10	39.310065031051636
22	135.21965	50.806824	216.46536	28.196798	81.833336	65.8835	25.283274	93.88726	1.2763482	46000	0.010257065	557.49255	0.0	-89.33804	0.9168788	2.5033953e-09	41.054476499557495
23	131.3952	49.799404	231.46384	33.528637	82.041664	65.13672	24.150667	91.02524	-3.0976465	48000	-0.0124941105	818.4448	0.0	-381.19162	0.91677237	-1.9073487e-09	42.79065489768982
24	128.86647	49.84279	248.58664	8.995623	71.32143	59.379436	20.80402	84.057	3.6895778	50000	-0.012645055	563.6609	0.0	-232.35681	0.9166673	9.417534e-09	44.50434708595276
25	131.00693	50.537945	225.01357	35.46949	71.28571	64.36894	24.498495	90.79112	-4.5004697	52000	0.007691445	692.832	0.0	-177.58917	0.91657746	8.404255e-09	46.19754695892334
26	149.56349	50.343163	254.2958	31.416832	79.48	63.10453	23.765741	90.85407	3.7964501	54000	-0.03845259	678.70996	0.0	-297.19943	0.9165023	-4.6491624e-09	47.99353075027466
27	131.98506	54.389935	220.95572	11.338806	70.74074	70.3935	27.440443	97.37581	-1.8415421	56000	0.0064310306	634.91376	0.0	-131.28973	0.916412	-2.026558e-09	49.70508170127869
28	153.8948	45.073837	243.40678	61.203083	78.68	70.582245	24.18332	94.8275	4.3344784	58000	-0.011525002	495.31564	0.0	-91.38699	0.91633594	-1.9073487e-09	51.43233561515808
29	172.19539	51.05562	243.98628	22.652815	85.478264	70.22514	28.81173	98.81994	8.486385	60000	-0.024006044	652.0103	0.0	-202.89328	0.9162611	6.5565113e-09	53.150267362594604
30	147.62486	51.053463	222.24626	15.202589	75.96154	83.48997	26.101494	104.60584	-1.7487296	62000	-0.038450107	596.2611	0.0	-196.4945	0.9161805	-5.960465e-11	54.80346941947937
31	183.70065	52.81903	240.02913	78.32206	89.77273	73.40889	28.06297	102.41228	10.25401	64000	-0.024596253	1044.866	0.0	-293.37036	0.9160841	1.9073487e-09	56.45491933822632
32	187.404	44.29861	259.89557	50.286987	90.318184	82.210075	27.723646	105.54313	2.6760345	66000	-0.058099575	503.31326	0.0	-137.90488	0.9159858	-3.9339065e-09	58.34193277359009
33	185.36444	57.34384	243.39992	25.215603	88.77273	85.1148	30.049572	110.33534	1.5308499	68000	-0.006940285	580.21655	0.0	-159.00974	0.91586655	-8.046627e-09	60.327136516571045
34	171.04625	71.8858	243.67384	14.151781	82.25	87.229904	32.517128	114.719086	4.536389	70000	-0.009165827	988.05237	0.0	-375.36237	0.91575277	-1.192093e-09	61.97485017776489
35	196.90088	48.15398	232.84386	34.516678	92.28571	83.96334	30.610218	113.45592	2.938748	72000	-0.009740754	498.20963	0.0	-153.97308	0.9156468	-4.768372e-10	63.60404706001282
36	167.60072	69.57973	231.35362	30.868065	81.333336	88.395935	31.886292	117.62139	2.9905834	74000	-0.020079583	861.7949	0.0	-331.05548	0.91554624	-5.4836278e-09	65.23300242424011
37	177.92029	66.21866	236.97044	47.241554	84.347824	82.3063	32.850662	118.42951	-14.095409	76000	0.016523095	920.11743	0.0	-201.10004	0.9154476	-7.748604e-09	66.85898852348328
38	194.40492	50.40752	234.06204	45.434654	89.045456	87.10129	31.472036	116.87316	0.51855755	78000	0.00027153015	414.92813	0.0	-75.301544	0.9153717	-2.7418139e-09	68.49191856384277
39	160.40465	69.57498	232.79193	24.005194	78.36	90.52402	33.387726	119.54202	4.9672527	80000	-0.045047868	1164.0165	0.0	-423.72876	0.91530305	6.0200693e-09	70.12397480010986
40	210.58435	41.472744	247.7151	55.5033	97.95	78.07748	29.43158	114.19882	4.868072	82000	-0.0049873157	779.9189	0.0	-548.97766	0.91521055	-6.616116e-09	71.75571823120117
41	203.4133	52.862408	241.71123	53.764633	94.7619	91.06437	36.77728	122.17873	-1.6053904	84000	-0.04234061	579.04126	0.0	-159.98477	0.91512305	3.1590464e-09	73.38739967346191
42	199.05276	55.45882	258.73752	46.980583	94.2381	89.144264	34.58314	123.185326	1.0995766	86000	-0.04810414	592.2359	0.0	-113.069	0.9150169	7.56979e-09	75.01932525634766
43	211.66289	21.89182	230.75381	143.36862	95.8	89.310135	33.482754	122.06697	1.6146624	88000	-0.067762926	174.60829	0.0	-69.85455	0.9148921	9.536744e-10	76.64576315879822
44	175.64423	69.05208	236.67935	28.40104	82.666664	94.58931	36.42632	126.26413	1.4153293	90000	-0.0395127	952.5872	0.0	-284.29047	0.91474104	5.602837e-09	78.28358745574951
45	192.26573	53.021526	232.08801	21.636717	88.454544	87.35521	32.163124	120.071625	1.318514	92000	-0.020304024	444.5858	0.0	-74.85947	0.9145883	-5.1856044e-09	79.9107015132904
46	204.1736	28.026564	234.71272	140.23895	93.666664	86.850815	32.841385	122.57799	2.458012	94000	-0.04257921	276.73752	0.0	-121.83801	0.91444284	-5.3048135e-09	81.53719067573547
47	201.26381	47.097286	254.38235	49.908165	92.28571	88.01505	36.23217	124.45628	-2.8733587	96000	0.00247316	324.00146	0.0	-108.51257	0.91428596	-5.4836278e-09	83.16377353668213
48	215.68375	34.31668	264.7322	101.77443	98.5	91.70829	35.213444	125.737495	-1.3199079	98000	-0.019447315	228.43973	0.0	-86.6629	0.914146	5.1856044e-09	84.79142475128174
49	208.1739	40.86675	243.9992	56.842693	95.7	93.50325	37.78052	128.09218	-12.085601	100000	-0.0582305	275.1323	0.0	-99.75546	0.9140075	-2.5033953e-09	86.42004156112671
50	215.13286	23.035814	247.19792	159.75394	98.95	92.267	36.05311	127.57782	2.0320296	102000	-0.023072802	107.500336	0.0	-21.283829	0.9138514	8.8214875e-09	88.1057550907135
51	214.19168	19.068432	230.23607	174.36351	97.55	89.42825	38.535534	128.74701	2.1969852	104000	0.031116068	146.31133	0.0	-70.61955	0.91369647	-1.3113023e-09	89.90931987762451
52	222.03482	17.348553	262.01254	173.68053	102.1579	93.38645	37.431446	129.18831	-0.30617213	106000	-0.031032328	70.89865	0.0	-21.398232	0.9135749	-2.1457673e-09	91.82563352584839
53	211.78854	34.26997	239.92274	81.01461	97.45	96.03196	37.21715	129.68484	-0.054291725	108000	0.0029746706	224.40994	0.0	-54.593338	0.91344774	9.596349e-09	93.57168292999268
54	208.14258	33.949406	228.01523	59.743916	93.61905	92.14836	36.983936	128.07971	0.53288007	110000	-0.022696564	198.55173	0.0	-81.363594	0.91333383	8.285046e-09	95.28081607818604
55	214.04233	23.240374	236.7943	132.33965	96.3	93.71132	37.161255	128.6234	5.0295043	112000	-0.02468043	138.49391	0.0	-28.225075	0.9132179	-2.9206277e-09	96.96156454086304
56	209.77321	33.375706	232.75006	108.687126	95.04762	94.099724	37.576954	129.89339	1.6443813	114000	0.02624869	348.85388	0.0	-169.8744	0.9130976	7.510185e-09	98.74117875099182
57	211.15643	26.768333	233.74512	137.04419	94.809525	93.45531	36.431305	127.61985	2.3730283	116000	-0.060380556	256.6131	0.0	-114.21599	0.91300505	-1.2516976e-09	100.56620001792908
58	202.43057	48.399673	232.41129	50.008797	93.71429	90.6704	38.003784	128.33432	-9.759269	118000	-0.03999958	261.16666	0.0	-104.364746	0.91288966	-1.6093255e-09	102.33199429512024
59	217.37898	40.50575	258.57407	51.66345	101.1579	90.980606	36.79498	128.49426	-1.6069727	120000	-0.018187238	259.39575	0.0	-106.09247	0.9127614	-2.9802324e-10	104.16602635383606
60	219.02205	20.158716	247.36038	156.28377	99.05	95.03103	37.11278	130.15152	3.682331	122000	-0.0130921025	111.35922	0.0	-38.914795	0.9126378	7.808209e-09	105.99492931365967
61	223.16316	7.473783	244.11565	210.36368	100.57895	93.74381	38.043026	130.11255	0.8299818	124000	-0.043246403	44.62726	0.0	-32.59505	0.9125181	-5.7816507e-09	107.81006217002869
62	222.5483	7.4444265	232.77269	195.56337	101.0	96.28781	38.51005	131.33261	1.1181	126000	-0.007298653	14.110202	0.0	-5.6650667	0.91238457	8.3446505e-10	109.4605815410614
63	219.47263	21.750074	248.43561	131.50774	99.1	95.13304	38.866238	131.0676	-1.6599854	128000	-0.006215462	112.293304	0.0	-52.7086	0.9122609	-6.079674e-09	111.10173344612122
64	223.09717	15.367194	247.77333	183.2559	103.052635	94.14714	37.8526	130.61339	-0.8548199	130000	-0.046346694	113.3239	0.0	-89.6253	0.9121452	1.7881394e-10	112.72959733009338
65	216.84793	35.847736	245.76886	65.0155	98.0	94.517136	38.77012	130.84619	2.53589	132000	-0.017463472	256.6599	0.0	-100.496506	0.91201365	7.271767e-09	114.36852288246155
66	225.28233	8.250095	237.58467	206.04626	102.36842	94.10731	37.99579	127.72905	-3.8931608	134000	-0.015173028	51.587547	0.0	-36.834732	0.91188395	1.4901161e-09	116.00164198875427
67	219.91684	15.695368	235.2709	175.73567	99.45	95.61771	38.11796	130.9257	-0.27340412	136000	-0.0037518619	70.94993	0.0	-31.817772	0.91175663	3.5762787e-10	117.79585647583008
