Epoch	AverageEpRet	StdEpRet	MaxEpRet	MinEpRet	EpLen	AverageVVals	StdVVals	MaxVVals	MinVVals	TotalEnvInteracts	LossPi	LossV	DeltaLossPi	DeltaLossV	Entropy	KL	ClipFrac	StopIter	Time
0	34.26998	49.676254	326.22507	3.5754924	33.166668	-0.16450416	0.057660278	0.10506928	-0.41666353	3000	8.646647e-08	2103.507	-0.023464983	-437.12305	0.9189386	0.0056032115	0.16733333	79.0	2.9727721214294434
1	40.357872	42.478836	211.83879	2.5270193	38.363636	7.9936953	2.2776012	9.26346	-7.392689	6000	2.2888184e-08	1148.3761	-0.014986319	-182.74878	0.9006731	0.016585782	0.18233334	5.0	5.686182022094727
2	101.43827	77.74927	251.23279	5.363737	63.234043	13.853392	2.6926281	14.643442	-12.997698	9000	6.3578284e-08	3594.3325	-0.02107474	-690.80786	0.89981455	0.00809154	0.132	79.0	8.641726016998291
3	124.9557	72.97905	244.4257	5.05218	74.95	22.181984	4.0597057	23.050257	-17.453772	12000	-2.2888184e-08	3127.8784	-0.026264504	-502.96753	0.899672	0.013807902	0.14733334	79.0	11.316766023635864
4	158.06998	71.77856	275.40674	19.132765	80.666664	29.63334	0.30689064	29.691036	24.012747	15000	-4.5776368e-08	3961.655	-0.008212514	-614.5891	0.90265363	0.015354062	0.154	6.0	13.830172777175903
5	173.20769	68.691925	295.27112	52.07491	90.545456	36.63732	0.15078183	36.65537	32.877117	18000	1.9073486e-08	3414.536	-0.020322058	-461.22998	0.9011862	0.010671052	0.10666667	79.0	16.4737548828125
6	199.61111	75.4882	321.3711	20.785017	96.6129	42.591465	0.011447076	42.594604	42.329445	21000	1.08083086e-07	3893.1106	-0.019845258	-541.96387	0.89573395	0.007774512	0.12	79.0	19.139888763427734
7	215.64673	65.42708	336.01947	52.250023	105.42857	48.826927	0.1290081	48.838017	45.307705	24000	5.086263e-09	3364.7056	-0.018248348	-435.52954	0.8984198	0.006072319	0.104666665	79.0	21.77568817138672
8	238.2028	54.506912	338.77313	98.66439	112.69231	54.39497	0.3962779	54.41627	38.35702	27000	-6.9936114e-08	3550.323	-0.017359085	-442.7578	0.89894	0.008871019	0.102	79.0	24.424901485443115
9	218.33961	42.618603	293.86444	79.58488	101.48276	59.966137	0.0015616309	59.966763	59.95266	30000	2.2888184e-08	2619.3481	-0.019759485	-255.71655	0.87973374	0.012642084	0.08766667	79.0	27.066121339797974
10	217.06058	54.859924	322.47446	82.81812	102.89286	64.2905	0.001353821	64.291046	64.27812	33000	2.0345052e-08	2574.565	-0.022619322	-200.85303	0.8813596	0.014039413	0.12566666	79.0	29.715519905090332
11	254.09978	52.373882	362.254	185.8497	114.34615	68.14115	0.0020766319	68.14169	68.08389	36000	3.0517576e-08	3151.1377	-0.022791144	-295.09375	0.89196736	0.0075658835	0.115666665	79.0	32.35831046104431
12	227.52293	55.08439	329.4053	64.258095	102.034485	72.78528	0.0015483897	72.78576	72.750725	39000	-2.0345052e-08	2408.852	-0.023807047	-157.43579	0.9014079	0.013732371	0.115666665	79.0	35.00877833366394
13	267.5925	54.920856	334.76703	68.57372	117.44	76.32408	0.0010337404	76.32448	76.313896	42000	2.0345052e-08	3081.4656	-0.023825835	-249.71094	0.9128661	0.015003567	0.11	75.0	37.64102602005005
14	252.03781	52.054848	332.28833	109.05625	110.88461	80.69506	0.0009174806	80.69541	80.68698	45000	3.0517576e-08	2595.487	-0.023511764	-171.41138	0.92290276	0.010424033	0.10933333	79.0	40.28271269798279
15	247.73755	34.762127	307.4391	187.6405	111.46154	84.44555	0.0008774208	84.44588	84.43752	48000	0.0	2243.8052	-0.02234142	-89.43823	0.9403837	0.012106585	0.107666664	79.0	42.92313885688782
16	256.18137	49.49742	328.68713	189.66905	111.96154	87.22518	0.00086495647	87.225494	87.216225	51000	1.0172526e-08	2349.0095	-0.02490392	-94.88306	0.9409933	0.010348138	0.13466667	79.0	45.56490731239319
17	251.44765	49.798378	331.43073	174.6669	108.62963	90.08308	0.00079338177	90.08336	90.074905	54000	-1.2715658e-08	2226.192	-0.022447351	-63.736816	0.94013304	0.014090332	0.111999996	79.0	48.2098650932312
18	268.10995	47.64334	365.16794	190.02368	114.38461	92.507065	0.0007368669	92.50733	92.499115	57000	2.5431316e-08	2338.6545	-0.023918184	-82.72266	0.94372004	0.008853284	0.10633333	79.0	50.85600161552429
19	270.6365	68.94078	420.57568	75.35625	113.65385	95.27152	0.0009552685	95.27184	95.25266	60000	2.5431316e-08	2650.6458	-0.03086259	-87.13818	0.94066006	0.011463946	0.15966667	79.0	53.49136209487915
20	283.83417	69.06106	457.31027	61.206944	118.08	98.176926	0.000724091	98.177216	98.16909	63000	-1.0172526e-08	2713.7317	-0.0071876068	-99.69849	0.96052724	0.015978457	0.19466667	5.0	55.99328970909119
21	237.68971	75.67117	332.80798	78.30703	106.40741	101.32804	0.0017474253	101.32847	101.27364	66000	0.0	2278.7722	-0.027179087	-2.4916992	0.960667	0.012408744	0.12799999	79.0	58.63398218154907
22	291.75058	61.036823	372.25732	125.417175	123.0	101.99245	0.00081920944	101.99277	101.98077	69000	1.780192e-08	2634.811	-0.028032748	-59.81421	0.952159	0.013077739	0.13266666	79.0	61.27410936355591
23	294.1995	54.637695	378.34006	131.05305	123.0	104.43641	0.001081953	104.4368	104.41915	72000	0.0	2387.9924	-0.026409866	-59.049072	0.9531324	0.007389965	0.11366667	79.0	63.91194725036621
24	308.51837	43.510136	388.9228	226.34837	126.26087	107.02415	0.000834835	107.02443	107.01001	75000	0.0	2607.3704	-0.026080586	-81.612305	0.9578331	0.009387646	0.134	79.0	66.56397724151611
25	290.33752	43.152115	343.6668	181.24106	116.6	110.08295	0.0007580062	110.08319	110.06713	78000	7.629394e-09	2433.3696	-0.008412986	-31.82959	0.95823103	0.016493527	0.213	3.0	69.09091091156006
26	314.32675	42.68986	408.42587	228.02388	128.95653	112.10191	0.0029849333	112.10239	112.0261	81000	-2.0345052e-08	2460.1667	-0.02971291	-36.69873	0.95826995	0.007013219	0.16466667	79.0	71.76717710494995
27	308.04648	48.28572	365.6712	124.05702	124.5	114.23583	0.0010249625	114.23613	114.210526	84000	-1.0172526e-08	2463.7598	-0.02883778	-25.700684	0.94414735	0.012843247	0.127	79.0	74.41012072563171
28	321.93536	38.798336	375.34534	212.45805	127.17391	116.08352	0.0009871393	116.08381	116.06215	87000	1.0172526e-08	2681.9324	-0.025474481	-47.813477	0.9543585	0.010374226	0.12433333	79.0	77.07303476333618
29	297.16312	59.7394	380.1989	137.58926	118.52	118.590836	0.0008789044	118.5911	118.57572	90000	-1.780192e-08	2527.1934	-0.031416774	-3.7036133	0.9397357	0.012571947	0.13966666	79.0	79.71216344833374
30	287.78812	92.79223	463.76602	68.3002	114.69231	119.40842	0.0006661045	119.40865	119.396255	93000	0.0	2858.5623	-0.02841633	-3.7089844	0.94557196	0.013371756	0.121	79.0	82.34796714782715
31	329.3075	45.048462	472.63513	234.44595	129.56522	120.140144	0.0008948696	120.14041	120.12152	96000	-1.0172526e-08	2798.6316	-0.0072375997	-25.494385	0.9429016	0.01574732	0.16433333	4.0	84.84620022773743
32	293.15808	57.861095	398.00272	130.71906	120.375	122.055595	0.00075229874	122.05587	122.04244	99000	5.086263e-09	2406.6028	-0.0031839397	-0.15551758	0.9424746	0.018704507	0.25	4.0	87.3506064414978
33	351.88666	54.866386	537.2039	281.88754	139.85715	121.97075	0.0030151187	121.971275	121.90047	102000	-1.780192e-08	2858.5852	-0.028120065	-53.723877	0.94207793	0.013504888	0.12	79.0	89.99286484718323
34	318.43048	61.305565	488.8609	165.39224	129.17392	124.791306	0.002528708	124.79169	124.69787	105000	-2.0345052e-08	2638.874	-0.032413352	0.10595703	0.9366758	0.011275663	0.16833334	79.0	92.61963844299316
35	332.1618	50.010715	495.38272	259.57657	134.90909	124.96686	0.0039116936	124.967545	124.88463	108000	-5.086263e-09	2572.237	-0.0073566996	-1.4257812	0.93171704	0.01597138	0.185	4.0	95.1238694190979
36	337.59753	76.90841	552.66003	103.55831	137.4762	125.43995	0.0018533946	125.44042	125.399475	111000	1.5258788e-08	2669.7078	-0.0042582396	-24.993896	0.9316619	0.016466262	0.18366666	4.0	97.62375903129578
37	350.24924	61.359344	560.3395	278.9468	139.80952	127.515	0.0027937568	127.51552	127.45188	114000	0.0	2880.8987	-0.02695053	-11.999268	0.9310219	0.015034746	0.118666664	48.0	100.20410966873169
38	353.17163	99.31725	773.01575	272.3271	140.66667	129.06209	0.0019807464	129.06247	129.00705	117000	-1.0172526e-08	3144.0627	-0.03319551	-13.940186	0.9420586	0.013985972	0.156	79.0	102.835782289505
39	374.10422	79.82954	526.0081	278.70572	148.15	130.71577	0.0006280765	130.71599	130.7076	120000	0.0	3027.1938	-0.032238647	-35.051758	0.9501224	0.0152001185	0.12366667	77.0	105.46167016029358
40	337.38577	74.98428	513.93164	187.38164	133.0	133.3525	0.0005064293	133.35265	133.33951	123000	5.086263e-09	2922.6287	-0.030638188	-0.8925781	0.965329	0.013852366	0.113	79.0	108.09757471084595
41	396.06702	126.90494	775.63055	260.47427	150.0	133.03143	0.00075457565	133.0316	133.01147	126000	-1.0172526e-08	3953.5378	-0.037673727	-171.47925	0.97360134	0.013483557	0.15333334	79.0	110.73395800590515
42	425.50232	118.53451	600.41003	249.08371	159.0	138.78928	0.0004511934	138.78943	138.78241	129000	-5.086263e-09	4052.442	-0.03461079	-155.27368	0.9681322	0.009458719	0.16866666	79.0	113.36782121658325
43	428.9264	126.04323	615.59296	100.31411	161.83333	144.51724	0.000404667	144.5174	144.50903	132000	-2.5431315e-09	3957.2065	-0.024092639	-79.4939	0.9563544	0.015176	0.16266666	24.0	115.905686378479
44	388.7792	102.08635	730.3326	255.06873	148.0	148.67596	0.00032994276	148.67607	148.67166	135000	-1.0172526e-08	3407.5847	-0.035881296	-2.1313477	0.9568478	0.014696526	0.177	79.0	118.54042911529541
45	418.5227	94.46109	621.4678	277.66663	155.6842	149.51028	0.00029835777	149.51039	149.50754	138000	-1.2715657e-09	3558.3247	-0.009923958	-5.305176	0.9522587	0.015401736	0.20933333	6.0	121.0428249835968
46	456.98306	138.56743	895.13885	309.99103	169.11765	150.58124	0.00031873392	150.58136	150.57655	141000	0.0	4074.681	-0.03200691	-97.051025	0.9520868	0.012578514	0.156	79.0	123.67091035842896
47	453.08673	124.83201	724.1386	328.9502	164.41176	155.16212	0.0002894216	155.16222	155.1587	144000	5.086263e-09	4280.911	-0.032180775	-92.53711	0.9452712	0.011892868	0.13533333	79.0	126.29628396034241
48	493.41086	180.43974	1016.67786	328.29672	180.375	159.80174	0.0003071678	159.80185	159.79616	147000	1.0172526e-08	4597.0566	-0.033565283	-82.48779	0.93947893	0.013676375	0.164	79.0	128.92514944076538
49	435.63538	88.95608	602.0276	329.51447	160.72223	164.20093	0.0002566129	164.20102	164.1987	150000	-2.5431315e-09	3626.1887	-0.03338461	-24.602783	0.9523042	0.009558905	0.14766666	79.0	131.5523591041565
50	444.15244	138.58969	761.1454	234.55585	161.77777	162.03293	0.00024420276	162.03302	162.03049	153000	2.5431315e-09	4152.8364	-0.031977244	-0.10839844	0.96970946	0.013855057	0.13599999	79.0	134.19193053245544
51	442.82895	117.058556	737.2836	313.8674	162.76471	161.72792	0.00025908297	161.728	161.72319	156000	2.0345052e-08	4122.719	-0.03237837	-5.006836	0.9566317	0.012724223	0.12966667	79.0	136.8217511177063
52	459.7934	140.66226	738.25256	300.56802	165.44444	162.81924	0.00021255408	162.8193	162.81721	159000	3.1789145e-09	4303.086	-0.032103032	-3.7148438	0.9700087	0.013604593	0.13633333	79.0	139.45263981819153
53	456.34137	133.13297	772.608	331.5222	164.22223	163.8246	0.00021118388	163.82466	163.82256	162000	5.086263e-09	4199.088	-0.034525704	-0.0078125	0.97464174	0.011180019	0.14333333	79.0	142.0780053138733
54	519.60345	93.445564	701.85724	351.5711	187.06667	163.80415	0.000218113	163.80421	163.79994	165000	1.2715658e-08	4243.1265	-0.036263704	-113.08301	0.97421074	0.011433136	0.16	79.0	144.70389413833618
55	445.22632	101.67961	602.1507	306.65878	162.33333	169.21341	0.00019634629	169.21346	169.21037	168000	5.086263e-09	4095.019	-0.036039606	-53.776367	0.97403485	0.013301519	0.16433333	79.0	147.3233504295349
56	467.46576	98.25233	645.1605	308.09265	169.11765	165.68022	0.0002056288	165.6803	165.67583	171000	0.0	4126.1885	-0.009110753	-0.34472656	0.9865953	0.0162207	0.18366666	6.0	149.81289196014404
57	466.05835	124.611305	796.60565	288.02975	169.52942	165.17514	0.00024399371	165.17523	165.16965	174000	1.0172526e-08	4065.7622	-0.007893255	-0.02758789	0.9868201	0.015076914	0.192	5.0	152.30489921569824
58	458.1798	135.41954	732.1524	284.45374	169.82353	165.213	0.0011588825	165.21317	165.1689	177000	2.0345052e-08	4132.0674	-0.03757594	-2094.938	0.98724306	0.013417943	0.18066667	79.0	154.9401249885559
59	496.6479	121.92183	816.9316	253.31691	179.375	147.63754	37.63004	167.94177	6.7693243	180000	-4.83195e-08	1976.5927	-0.035626728	-767.21716	0.9992522	0.014026719	0.174	79.0	157.56003379821777
60	488.2071	106.842606	770.49786	354.31955	174.35294	153.66434	45.56824	178.5861	-52.23905	183000	1.780192e-08	1448.2673	-0.007876002	-432.96118	0.9981021	0.01569797	0.17566666	6.0	160.0545995235443
61	549.79205	183.90201	867.5766	239.01735	188.0	155.30414	50.51189	186.40727	9.151624	186000	3.560384e-08	2615.0623	-0.032802414	-763.26196	0.998968	0.014191035	0.177	79.0	162.68447041511536
62	547.40393	206.35927	974.7314	333.11526	186.4375	170.34949	47.75641	196.08733	0.4197135	189000	5.086263e-09	1954.3837	-0.030045556	-473.11597	0.9833698	0.014083585	0.15266666	79.0	165.31543493270874
63	535.7185	150.1874	890.3384	384.32104	183.0625	169.15091	56.907692	203.86581	-1.6196907	192000	3.0517576e-08	1407.5416	-0.029419128	-353.99133	0.9904027	0.011241711	0.16333333	79.0	167.9483358860016
64	597.4677	248.98506	1305.3275	172.49762	207.35715	180.48026	52.80551	208.4992	0.66688824	195000	1.9073486e-08	2153.2566	-0.028294269	-221.48914	0.9888698	0.0079604	0.17866667	79.0	170.57639527320862
65	549.76324	207.72551	1209.5133	301.18088	191.06667	181.77834	53.22876	212.60394	-4.550154	198000	-1.335144e-08	1148.2711	-0.03134315	-205.38232	0.9881412	0.01427936	0.17433333	79.0	173.19648003578186
66	577.18097	165.76163	893.5854	309.498	197.0	179.31577	57.315193	215.24423	10.335588	201000	-3.0517576e-08	1254.0862	-0.026584813	-261.52533	0.9807917	0.015313706	0.15666667	50.0	175.76654362678528
67	630.47284	206.65155	1149.0725	382.97382	208.21428	183.30638	57.40381	218.97144	5.4258957	204000	2.5431316e-08	1269.0253	-0.03676343	-354.2298	0.9656288	0.014192212	0.19833334	79.0	178.39080023765564
68	731.113	262.284	1231.1547	343.36838	242.83333	195.22025	56.432396	224.74397	-0.6898258	207000	-2.892812e-08	1147.243	-0.030097606	-291.84247	0.9534034	0.013912942	0.16233332	79.0	181.01570916175842
69	695.5833	223.6638	1090.2025	367.1857	235.16667	199.30623	57.529263	231.81512	-14.690237	210000	0.0	743.8004	-0.032440316	-116.0152	0.9555254	0.011435332	0.19266666	79.0	183.6385178565979
70	728.176	253.91747	1164.1096	303.1304	246.58333	206.41971	57.30712	235.58986	0.7818012	213000	-5.086263e-09	2011.5576	-0.03009412	-201.70764	0.9378149	0.015018488	0.16733333	72.0	186.2584433555603
71	714.8635	198.75597	982.5871	357.46008	242.58333	203.57675	61.286587	237.78525	2.1652677	216000	-3.560384e-08	922.9583	-0.032194283	-121.71356	0.9306966	0.0151112275	0.18633333	71.0	188.86969828605652
72	936.4237	243.60583	1279.0743	386.05685	313.66666	214.14395	54.262196	239.70653	9.570464	219000	2.5431315e-09	1755.5066	-0.026845999	-258.7268	0.9146669	0.009782227	0.156	79.0	191.49170565605164
73	968.53296	286.86615	1566.5979	565.1105	328.55554	220.07925	56.992588	244.31639	0.25897694	222000	6.3578287e-10	1293.0865	-0.036853533	-342.39337	0.9044058	0.012997284	0.20833333	79.0	194.11877918243408
74	869.7236	286.27063	1229.6165	372.85382	294.8889	218.15039	59.517986	248.93527	9.810335	225000	1.780192e-08	1295.865	-0.03731111	-318.18292	0.8811173	0.013825766	0.21066667	79.0	196.74179577827454
75	946.611	168.09125	1117.4077	533.0742	304.0	217.14284	61.4478	252.42969	1.1642842	228000	1.0172526e-08	930.05664	-0.02940266	-383.01404	0.86167485	0.015040795	0.14966667	47.0	199.3110156059265
76	992.67035	242.03233	1427.7328	711.1247	324.0	231.92258	57.97049	258.18832	4.427905	231000	7.629394e-09	665.21484	-0.032432422	-169.2384	0.8578829	0.011428375	0.166	79.0	201.93703150749207
77	997.93256	400.88074	1915.9066	505.1355	328.625	233.13795	55.563473	261.78384	9.394943	234000	-5.086263e-09	1031.4535	-0.006893277	-267.04077	0.84393024	0.016140778	0.23366666	3.0	204.42625856399536
78	1009.53656	318.99368	1827.7648	620.7479	328.33334	230.47527	64.33684	263.5824	1.4632006	237000	-1.5258788e-08	456.52512	-0.03436996	-157.82413	0.84358263	0.013147846	0.17433333	79.0	207.05293011665344
79	995.6642	262.66855	1540.9275	715.2858	319.1111	232.34348	63.594448	266.27814	3.2979453	240000	-1.9073486e-08	608.58856	-0.03339231	-129.03165	0.8460053	0.0127351405	0.19666666	79.0	209.67839980125427
80	1027.9154	274.43536	1341.449	460.94684	332.0	240.58588	59.30674	269.23996	7.099219	243000	1.780192e-08	1166.6608	-0.028891737	-199.95886	0.822899	0.008566303	0.17066666	79.0	212.30223846435547
81	1108.5505	169.2114	1401.6907	791.4649	354.0	238.65173	60.061714	271.76862	10.706036	246000	3.1789142e-08	899.99817	-0.030698119	-362.5185	0.82327735	0.00087382173	0.159	79.0	214.92621040344238
82	1090.0488	136.95946	1367.755	921.5979	353.625	247.85234	62.712105	276.97186	8.478294	249000	7.629394e-09	425.95358	-0.031988196	-69.57651	0.81747025	0.008512864	0.16833334	79.0	217.57046151161194
83	1617.8813	292.80435	1966.9712	1113.8822	526.8	255.00052	51.932808	277.6672	5.1619687	252000	-3.3060708e-08	639.1741	-0.01231133	-182.16641	0.818981	0.016913908	0.191	10.0	220.0729296207428
84	1058.3752	157.49034	1365.4242	838.617	347.625	250.52362	62.587578	280.86002	6.1435986	255000	0.0	596.36755	-0.03358343	-121.72006	0.8201188	0.013135409	0.181	79.0	222.69974160194397
85	1106.5348	335.17838	1749.6412	681.47705	351.75	245.12054	66.45264	278.6683	3.7732797	258000	0.0	666.59143	-0.035188213	-52.97876	0.81424934	0.009624548	0.203	79.0	225.32204008102417
86	1130.4961	120.4185	1350.4297	885.4053	362.375	246.98952	62.926064	279.84824	7.8541217	261000	-5.086263e-09	382.1981	-0.032867953	-68.98578	0.805424	0.012616959	0.181	79.0	227.94574117660522
87	1216.9656	375.73096	2037.8079	780.7516	396.0	256.53726	54.97913	280.60626	7.04066	264000	-1.2715658e-08	1292.1802	-0.035282295	-262.5536	0.79426163	0.011239952	0.19966666	79.0	230.57187032699585
88	1139.3159	356.082	1845.1359	830.2235	374.375	245.36073	65.43945	280.30435	6.329128	267000	1.5258788e-08	664.6035	-0.016475413	-138.43103	0.7817798	0.016237926	0.221	16.0	233.08372402191162
89	1382.2369	315.909	2060.2896	1091.857	450.16666	256.22232	55.698174	278.53958	6.265823	270000	0.0	539.6342	-0.030222446	-34.566315	0.78288084	0.008103454	0.16133334	79.0	235.7116415500641
90	1241.1672	184.20827	1494.8917	936.299	413.85715	259.06198	53.115566	280.17435	3.743722	273000	-2.0345052e-08	1114.6025	-0.02928342	-404.27136	0.78673255	0.008870211	0.173	79.0	238.34345149993896
91	1683.6813	409.2098	2405.815	1215.7595	558.2	254.32689	55.804672	277.0183	11.029535	276000	-5.086263e-09	732.4695	-0.029808862	-145.63324	0.7770262	0.012150983	0.16933334	79.0	240.97340774536133
92	1462.473	384.04398	2258.081	1033.1816	473.83334	254.62892	58.452698	279.66348	4.833274	279000	5.086263e-09	685.82513	-0.033973858	-104.55298	0.7652055	0.015156239	0.204	78.0	243.6004877090454
93	1540.7054	158.40967	1799.3464	1360.5677	504.6	265.1962	52.227432	282.6443	3.7259603	282000	-1.780192e-08	586.10223	-0.037164055	-60.190674	0.7559473	0.011777944	0.18733333	79.0	246.2283833026886
94	1768.7488	440.42496	2563.2026	1319.1486	569.6	264.37076	53.975548	284.86313	1.4984951	285000	3.0517576e-08	838.4252	-0.03305991	-80.46387	0.74847895	0.0088427	0.14833333	79.0	248.85276007652283
95	1666.5758	345.29874	2011.4929	1013.56494	543.4	269.08987	53.682247	288.5314	9.790657	288000	-8.90096e-09	804.69666	-0.03333449	-48.878662	0.7404087	0.012627672	0.21366666	79.0	251.47920989990234
96	1659.7435	606.8395	2745.3704	971.7093	538.0	267.63846	52.44908	288.23447	4.958637	291000	-1.2715657e-09	788.3744	-0.031020172	-68.63605	0.73689526	0.012941515	0.16533333	79.0	254.10769367218018
97	1383.6436	782.3983	2988.5366	549.50916	472.83334	271.46436	53.29345	290.4112	7.368258	294000	-1.780192e-08	2625.536	-0.028342597	-336.03735	0.73240477	0.008767104	0.163	79.0	256.73971033096313
98	1776.1244	630.81604	2586.957	818.8941	578.25	265.213	48.291958	282.0642	-19.378237	297000	-1.5258788e-08	647.7599	-0.033181112	-97.71533	0.7289194	0.009407008	0.18699999	79.0	259.3677034378052
99	1335.7377	185.44714	1504.9944	969.82574	442.5	261.1216	58.036476	285.62686	8.201731	300000	3.560384e-08	598.8967	-0.035392065	-64.59912	0.7083646	0.0036258397	0.19566667	79.0	262.00587582588196
100	1973.8552	742.55884	3034.136	1265.8386	668.75	273.66278	34.182053	281.7602	7.528556	303000	-5.086263e-09	2013.97	-0.027629724	-19.603027	0.69936925	0.0070060203	0.17066666	79.0	264.66568088531494
101	1594.9521	837.18677	3101.8662	551.9227	544.0	268.5859	41.760166	279.6508	0.9085598	306000	-1.2715658e-08	3125.9478	-0.02895411	-539.6382	0.69209373	0.008306562	0.173	79.0	267.33669209480286
102	2607.5752	241.03578	2903.7642	2313.3594	818.3333	261.41507	39.55944	274.06747	4.668419	309000	2.1616618e-08	1943.3934	-0.015057255	-757.08716	0.69247293	0.015543796	0.185	14.0	269.88989210128784
103	2209.5103	750.696	3253.7324	1300.768	718.25	271.40213	47.275257	286.98404	13.44833	312000	-1.2397766e-08	1099.8828	-0.030554613	-78.68964	0.69394	0.009709605	0.12966667	79.0	272.5153670310974
