Epoch	AverageEpRet	StdEpRet	MaxEpRet	MinEpRet	EpLen	AverageVVals	StdVVals	MaxVVals	MinVVals	TotalEnvInteracts	LossPi	LossV	DeltaLossPi	DeltaLossV	Entropy	KL	Time
0	20.863157	9.723125	58.0	9.0	20.863157	0.14654425	0.01784539	0.1750772	0.079224676	2000	0.012930536	208.13083	0.0	-125.133415	0.68368715	-3.5762787e-10	1.7315037250518799
1	19.65	9.914004	51.0	8.0	19.65	7.97883	0.26742256	8.218796	5.146441	4000	0.0138638215	85.07905	0.0	-26.610596	0.6850927	7.748604e-10	3.243920087814331
2	20.71875	9.904443	58.0	9.0	20.71875	10.537929	3.400168	12.702937	-7.780435	6000	0.013971982	58.051647	0.0	-4.2131844	0.687174	-2.026558e-09	4.90189003944397
3	21.89011	11.339371	68.0	10.0	21.89011	11.527413	3.8631258	14.128342	-6.000811	8000	0.009961129	71.98304	0.0	-5.8472137	0.6883277	8.642674e-10	6.432809829711914
4	19.732674	9.390211	61.0	9.0	19.732674	12.424561	4.3157697	15.733044	-2.3863177	10000	0.008325584	52.36683	0.0	-1.8809509	0.6900148	4.1723253e-10	7.959955930709839
5	24.506172	15.656122	84.0	9.0	24.506172	12.381166	3.5355842	14.849183	-0.24661581	12000	0.0043291934	126.422066	0.0	-14.394386	0.69099295	3.2782557e-10	9.528374671936035
6	23.094118	13.04438	85.0	10.0	23.094118	14.799375	4.380361	17.845238	-1.4248266	14000	0.0013421045	90.001656	0.0	-10.4928055	0.69174576	1.192093e-09	10.963151454925537
7	21.376345	10.89926	61.0	9.0	21.376345	13.514285	5.0927877	18.720463	0.788525	16000	-0.003197714	53.383778	0.0	-4.789074	0.6921148	-1.5795232e-09	12.429375648498535
8	24.358025	12.734039	74.0	8.0	24.358025	13.267092	4.786126	18.231115	1.0451826	18000	-0.004783997	72.975914	0.0	-10.254566	0.6922147	-1.7881394e-09	13.89726710319519
9	24.641975	14.071518	86.0	10.0	24.641975	13.972728	5.7376995	19.522099	0.52554905	20000	-0.0078607	81.04043	0.0	-4.7620163	0.6920552	1.7285348e-09	15.378546953201294
10	23.282352	13.710976	79.0	9.0	23.282352	14.693996	6.352379	20.96421	1.2195113	22000	-0.010194283	73.26821	0.0	-3.05941	0.6916896	-1.192093e-10	16.865142583847046
11	23.22093	11.776406	66.0	9.0	23.22093	13.996156	6.730576	21.124573	0.6509571	24000	-0.012723527	49.042027	0.0	-2.114338	0.69136435	5.3644184e-10	18.349285125732422
12	24.873417	14.384738	106.0	10.0	24.873417	13.9367075	6.113879	20.435484	0.7340262	26000	-0.012891849	86.76115	0.0	-3.8624725	0.6909163	-1.2218953e-09	19.83514904975891
13	27.219177	13.597187	89.0	9.0	27.219177	14.554718	6.721594	21.581503	0.5918378	28000	-0.016547365	78.00947	0.0	-5.1284714	0.6903052	3.2782557e-10	21.3164279460907
14	25.126583	13.560336	83.0	9.0	25.126583	15.479205	6.659889	21.883171	0.44236702	30000	-0.018627224	68.44294	0.0	-2.5421371	0.6892898	2.667308e-09	22.796775579452515
15	24.207317	13.427981	86.0	10.0	24.207317	14.62626	6.4990954	21.68142	0.7686316	32000	-0.021545038	71.00341	0.0	-2.2430878	0.68816656	6.8545347e-10	24.279036283493042
16	28.797102	16.241457	80.0	9.0	28.797102	14.850752	6.437842	21.626902	0.69535047	34000	-0.022078611	91.70492	0.0	-7.7330933	0.68783045	6.4074995e-10	26.039719820022583
17	28.492754	12.198388	58.0	9.0	28.492754	16.947636	7.421099	24.051142	0.7865789	36000	-0.026972037	53.546677	0.0	-3.9556808	0.68618566	7.450581e-11	27.781030654907227
18	25.532467	15.069178	91.0	9.0	25.532467	15.403875	6.857468	22.859774	1.2160801	38000	-0.025401507	81.91208	0.0	-2.9294357	0.6852487	-8.940697e-11	29.348039150238037
19	29.058823	19.26127	139.0	10.0	29.058823	15.655341	7.198197	23.479418	0.75839627	40000	-0.025731584	145.17941	0.0	-8.199692	0.68433833	3.2782557e-10	30.91855502128601
20	27.291666	17.961718	97.0	9.0	27.291666	17.025898	7.9511333	25.67744	0.5215348	42000	-0.024929892	132.8801	0.0	-17.87461	0.6833635	3.7252904e-10	32.41146159172058
21	27.027027	14.522092	81.0	9.0	27.027027	16.41323	7.644288	25.181953	-0.35961708	44000	-0.031215914	89.374756	0.0	-17.315018	0.6818959	1.0430813e-09	33.841519355773926
22	30.4	21.433115	116.0	10.0	30.4	15.699595	6.740194	23.638742	0.09568158	46000	-0.02337706	182.67424	0.0	-25.245209	0.6813418	-7.450581e-11	35.26818656921387
23	30.584616	17.754646	94.0	11.0	30.584616	19.269234	7.247187	25.927172	-0.32774135	48000	-0.03073815	119.45042	0.0	-7.9320984	0.6806974	-5.6624416e-10	36.69586443901062
24	29.22388	14.766663	84.0	10.0	29.22388	17.815996	7.4115686	25.081976	-0.6097142	50000	-0.034222506	81.00107	0.0	-4.73983	0.679446	-5.3644184e-10	38.13052678108215
25	28.2	15.034816	84.0	10.0	28.2	15.721549	7.4737935	24.145342	0.1844572	52000	-0.031606898	90.038414	0.0	-13.721664	0.67774516	-1.192093e-10	39.559608459472656
26	28.927536	14.274045	72.0	10.0	28.927536	15.835283	7.2851477	24.82244	-0.2718585	54000	-0.037178393	72.070175	0.0	-8.221359	0.6756095	6.8545347e-10	40.98772954940796
27	33.931034	18.012316	84.0	9.0	33.931034	16.350288	7.186522	24.636246	0.34872916	56000	-0.034885928	107.86274	0.0	-13.807579	0.6769584	-1.192093e-10	42.41512370109558
28	30.796875	17.43486	107.0	11.0	30.796875	18.584967	8.03448	27.733334	0.2824454	58000	-0.03685937	105.48828	0.0	-10.461342	0.6749556	-9.834766e-10	43.83676266670227
29	28.3	13.639596	69.0	10.0	28.3	17.895063	8.229114	27.41913	0.04994467	60000	-0.042110186	69.2434	0.0	-6.7475777	0.6719644	-5.811453e-10	45.259315490722656
30	33.864407	27.695963	163.0	10.0	33.864407	16.120224	7.0986195	25.008516	0.038793296	62000	-0.036616594	279.59598	0.0	-52.48352	0.67280155	-1.4901162e-11	46.68345785140991
31	30.384615	14.910701	76.0	12.0	30.384615	21.48741	10.214462	32.17222	-0.255181	64000	-0.04724823	106.582924	0.0	-32.348328	0.66928554	-9.685756e-10	48.10732936859131
32	42.29787	27.795542	135.0	12.0	42.29787	18.322977	6.847634	26.16375	0.5895951	66000	-0.034662336	258.76428	0.0	-49.668472	0.6711785	1.8477441e-09	49.527515172958374
33	31.333334	17.441967	76.0	10.0	31.333334	22.05969	10.404651	32.62469	-0.034003496	68000	-0.05217226	115.993546	0.0	-30.20353	0.66715044	3.129244e-10	50.94784951210022
34	33.948277	22.255121	147.0	10.0	33.948277	17.973663	7.6650763	26.586468	0.32894722	70000	-0.042548075	161.88283	0.0	-9.967941	0.6679913	-7.003546e-10	52.37008309364319
35	41.375	27.866217	142.0	13.0	41.375	20.427309	9.24453	30.745895	0.9594724	72000	-0.034212947	253.60081	0.0	-52.43068	0.66795474	-3.4272674e-10	53.79192805290222
36	40.632652	19.218075	92.0	12.0	40.632652	24.241005	9.470272	33.432068	0.58358145	74000	-0.042065296	134.29308	0.0	-26.998924	0.6672765	-8.195639e-10	55.21349334716797
37	36.77778	20.384876	91.0	12.0	36.77778	21.13402	9.010515	31.170717	1.1633744	76000	-0.04241564	109.866005	0.0	-11.165718	0.6645701	-5.960465e-11	56.63703727722168
38	44.795456	26.53949	113.0	13.0	44.795456	20.695742	9.452825	30.93199	0.26221555	78000	-0.03919739	199.52557	0.0	-30.258026	0.6642388	-3.2782557e-10	58.05658173561096
39	48.19512	38.349625	187.0	12.0	48.19512	25.213713	8.842668	33.89888	-0.84958893	80000	-0.036624733	312.15607	0.0	-55.46524	0.6662946	-7.897616e-10	59.47714591026306
40	36.30909	17.131441	81.0	14.0	36.30909	28.03349	13.647941	42.161263	-0.31295455	82000	-0.051846247	211.6726	0.0	-118.536644	0.65960354	8.642674e-10	60.90389657020569
41	38.88	26.31246	131.0	14.0	38.88	19.013218	8.089778	28.997766	-0.8959152	84000	-0.040994946	222.7304	0.0	-44.389877	0.66029143	-6.5565114e-10	62.32217454910278
42	44.613636	25.164202	114.0	12.0	44.613636	22.239988	9.844997	35.186417	-0.057968795	86000	-0.041938424	144.42166	0.0	-13.490143	0.66131634	4.917383e-10	63.743884563446045
43	36.272728	20.74648	97.0	10.0	36.272728	23.89207	10.855672	38.05146	-0.1551246	88000	-0.051894717	118.54185	0.0	-24.454597	0.6553114	-9.2387203e-10	65.16381573677063
44	35.854546	22.39352	123.0	11.0	35.854546	20.07058	10.20457	33.183064	-2.0770662	90000	-0.05081296	169.64493	0.0	-36.510437	0.65460783	-2.6822092e-10	66.58515048027039
45	42.51064	24.012295	120.0	11.0	42.51064	19.819195	9.211929	34.5767	-1.0582654	92000	-0.04587884	170.29851	0.0	-51.75309	0.6570484	-3.874302e-10	68.00745511054993
46	45.97561	25.990137	119.0	14.0	45.97561	24.453047	11.320872	36.885544	0.21675956	94000	-0.041030824	252.90405	0.0	-41.804016	0.65550685	-2.384186e-10	69.42597818374634
47	41.638298	27.617777	166.0	12.0	41.638298	23.912634	10.325365	38.798286	-0.19098961	96000	-0.047031123	198.07002	0.0	-20.287018	0.6535557	1.4901162e-10	70.84457230567932
48	39.36	24.332497	106.0	12.0	39.36	24.223312	10.122994	41.57819	1.3140702	98000	-0.054935787	152.95609	0.0	-19.38733	0.6505583	-2.5182965e-09	72.26519107818604
49	51.81081	35.78452	149.0	13.0	51.81081	22.083206	9.739994	37.14928	-9.559451	100000	-0.035557635	351.8868	0.0	-94.83917	0.65544474	2.8312208e-10	73.68524026870728
50	45.860466	25.834518	140.0	12.0	45.860466	29.620241	11.842557	41.44632	0.43526834	102000	-0.05662379	204.82286	0.0	-36.234253	0.6476631	-6.258488e-10	75.1122670173645
51	46.279068	32.44267	178.0	13.0	46.279068	24.710098	10.14612	35.197826	0.17780018	104000	-0.048269145	235.62381	0.0	-15.335846	0.6501105	-1.3560058e-09	76.52949929237366
52	42.02174	27.236076	133.0	15.0	42.02174	27.345871	11.155416	38.828266	-0.6694355	106000	-0.05383471	209.00345	0.0	-12.608627	0.64696705	-1.3560058e-09	77.94798350334167
53	43.772728	20.598835	98.0	15.0	43.772728	24.097048	10.825622	36.32023	-0.84872204	108000	-0.06036804	125.88837	0.0	-14.684036	0.64689803	2.384186e-10	79.37133240699768
54	41.020832	26.278547	126.0	13.0	41.020832	21.260693	10.681575	34.488197	-0.6626287	110000	-0.052167863	226.27728	0.0	-41.949768	0.6397772	-2.1457673e-09	80.78950190544128
55	59.39394	37.51278	145.0	12.0	59.39394	24.652962	8.288045	34.67573	-1.1854775	112000	-0.046369288	319.88632	0.0	-61.195557	0.6477443	-4.23193e-09	82.2091794013977
56	48.8	33.369297	159.0	13.0	48.8	31.80899	11.430989	42.105766	-0.42097503	114000	-0.053880494	233.49054	0.0	-33.086075	0.64358664	9.983778e-10	83.63232445716858
57	51.025642	28.863504	173.0	14.0	51.025642	24.958551	13.343408	40.096115	-1.8139985	116000	-0.05435604	183.94975	0.0	-17.401474	0.64284694	-4.4703485e-10	85.04632067680359
58	45.302326	29.468576	136.0	10.0	45.302326	27.319098	10.703585	39.86558	1.7614169	118000	-0.047231607	206.1904	0.0	-19.378311	0.6366467	7.3015693e-10	86.46445918083191
59	55.857143	35.17397	200.0	10.0	55.857143	25.136337	10.734501	38.341854	-1.1878793	120000	-0.05006054	272.38098	0.0	-38.48912	0.63902897	-1.1026859e-09	87.89991927146912
60	47.57143	22.540064	137.0	18.0	47.57143	30.035667	11.372	42.520153	1.3455248	122000	-0.05579275	193.79007	0.0	-49.51082	0.6380452	-1.192093e-09	89.3274278640747
61	59.939392	47.663555	200.0	14.0	59.939392	22.889194	8.545318	35.854424	-0.95276964	124000	-0.049422555	533.00323	0.0	-234.4324	0.6413543	-5.811453e-10	90.74696254730225
62	57.911766	37.196117	182.0	15.0	57.911766	31.887953	13.738923	48.823902	-1.5778537	126000	-0.05489909	291.46283	0.0	-77.31	0.63773406	-8.4936624e-10	92.1656973361969
63	51.605263	23.050903	101.0	14.0	51.605263	28.83848	14.071016	46.885338	0.31240046	128000	-0.057341404	170.84106	0.0	-44.485886	0.63599175	1.1324883e-09	93.5871148109436
64	64.73333	36.069317	138.0	16.0	64.73333	26.25827	9.589258	37.035656	1.1691947	130000	-0.044539135	274.48257	0.0	-52.877396	0.6371542	-5.066395e-10	95.00841093063354
65	64.46429	43.152954	177.0	24.0	64.46429	30.457773	12.946801	45.998993	0.19404459	132000	-0.041349426	410.59332	0.0	-82.94086	0.6431074	-8.3446505e-10	96.42677140235901
66	53.142857	29.30933	120.0	13.0	53.142857	34.705395	14.357468	52.196373	1.1462963	134000	-0.058430064	256.5792	0.0	-60.38243	0.6344682	7.748604e-10	97.84604930877686
67	60.454544	30.848694	157.0	16.0	60.454544	30.150145	11.228561	46.19407	1.6966158	136000	-0.047745544	213.13914	0.0	-28.46495	0.6356382	-2.384186e-10	99.26604676246643
68	60.575756	48.457436	191.0	14.0	60.575756	28.316608	12.515818	47.708847	-0.58473235	138000	-0.05608607	402.36902	0.0	-69.496765	0.6306093	-1.3262034e-09	100.69179916381836
69	59.545456	36.445965	173.0	19.0	59.545456	35.44951	13.692667	52.193012	0.7749434	140000	-0.05730865	267.90005	0.0	-52.199173	0.6292017	5.3644184e-10	102.11639547348022
70	52.972973	28.958952	158.0	15.0	52.972973	30.172167	13.623046	48.639214	0.29644954	142000	-0.06031613	213.2017	0.0	-33.92531	0.626277	1.1324883e-09	103.60368347167969
71	66.793106	39.060852	151.0	19.0	66.793106	26.16524	9.463878	40.79981	0.9596655	144000	-0.05424367	337.63657	0.0	-103.21739	0.6325617	1.2964011e-09	105.06702208518982
72	87.86364	41.09445	177.0	19.0	87.86364	32.199345	13.480424	47.580246	-0.9986271	146000	-0.04124322	314.98975	0.0	-67.10159	0.637761	4.4703485e-10	106.53041577339172
73	76.61539	44.390816	177.0	21.0	76.61539	37.161274	13.327303	50.707333	-0.18106961	148000	-0.039180547	336.35208	0.0	-44.328888	0.6333144	-7.4505807e-10	107.9956259727478
74	64.75862	39.832108	200.0	14.0	64.75862	38.47813	12.149962	50.790092	1.3017776	150000	-0.05748381	316.21057	0.0	-52.753815	0.6246784	1.2367964e-09	109.46155500411987
75	83.166664	47.453194	200.0	16.0	83.166664	34.399014	13.605421	50.901905	0.06354308	152000	-0.04917243	301.11362	0.0	-53.52408	0.6312323	1.0877849e-09	110.92115092277527
76	67.586205	47.151638	191.0	18.0	67.586205	33.657288	16.135695	54.50667	-2.249501	154000	-0.046411537	403.88345	0.0	-81.23273	0.6275257	1.1324883e-09	112.40909242630005
77	75.96154	49.891018	189.0	18.0	75.96154	37.012547	11.905735	52.76785	-0.9113126	156000	-0.05715634	335.44376	0.0	-48.34494	0.6252972	1.3411046e-10	114.31306552886963
78	77.48	48.854168	200.0	17.0	77.48	36.08631	13.981154	53.944885	-0.20233405	158000	-0.061367247	294.64923	0.0	-41.24887	0.6279611	1.6242266e-09	115.77991914749146
79	86.565216	45.05342	200.0	26.0	86.565216	39.39393	14.593334	56.597603	-0.8306987	160000	-0.05780186	269.273	0.0	-15.462448	0.6271073	-5.3644184e-10	117.1956558227539
80	98.15	50.256615	178.0	19.0	98.15	38.222904	15.030792	55.33638	0.64281744	162000	-0.04636889	336.22815	0.0	-75.32715	0.6247488	-2.9802324e-11	118.62030529975891
81	81.333336	36.53841	157.0	24.0	81.333336	39.273064	15.668467	58.69316	4.652623	164000	-0.053542286	227.7344	0.0	-47.13411	0.62552917	1.2367964e-09	120.23656940460205
82	74.0	40.137264	192.0	13.0	74.0	35.53183	14.596836	54.435844	2.5565853	166000	-0.049892396	275.8143	0.0	-57.047913	0.62068474	1.9818545e-09	121.66310381889343
83	86.59091	52.739204	179.0	17.0	86.59091	34.139626	12.862633	50.881466	2.4332929	168000	-0.052483708	320.1891	0.0	-77.2928	0.62646425	8.3446505e-10	123.08182954788208
84	85.78261	46.07929	192.0	21.0	85.78261	41.270374	15.208305	58.22822	4.770412	170000	-0.04699567	310.94147	0.0	-52.493042	0.6219021	-1.2814999e-09	124.51776123046875
85	78.72	43.511395	186.0	17.0	78.72	39.221203	13.908434	55.813	-0.2429645	172000	-0.07313725	292.67966	0.0	-53.44377	0.61451375	1.192093e-10	125.93550515174866
86	89.5	55.057613	200.0	16.0	89.5	38.08465	13.276695	54.054314	-3.5470495	174000	-0.05347433	330.50427	0.0	-61.11734	0.62200326	2.0861626e-09	127.35077357292175
87	82.041664	35.51816	142.0	19.0	82.041664	38.638298	15.816481	59.35056	2.403123	176000	-0.07747779	218.06836	0.0	-56.396408	0.618142	-1.8179418e-09	128.7726912498474
88	104.52631	54.769726	200.0	38.0	104.52631	34.39186	14.712981	56.16945	1.4895836	178000	-0.038918484	460.4088	0.0	-157.12411	0.62167656	-5.960465e-11	130.1946918964386
89	88.045456	46.169132	200.0	30.0	88.045456	43.464993	16.041843	62.992214	3.7008631	180000	-0.056982458	324.49625	0.0	-61.026886	0.61570805	-7.003546e-10	131.61181664466858
90	78.291664	43.14364	192.0	19.0	78.291664	37.781296	14.545661	56.344444	0.7243097	182000	-0.064910054	328.05035	0.0	-58.07312	0.6152888	-4.1723253e-10	133.03426480293274
91	102.57895	53.71202	191.0	20.0	102.57895	36.171833	13.791654	56.826088	2.9779024	184000	-0.05372614	401.21457	0.0	-102.44681	0.619772	-1.5944244e-09	134.45042181015015
92	87.545456	55.217525	200.0	14.0	87.545456	46.742966	12.127451	61.237095	4.1070647	186000	-0.058295403	454.40884	0.0	-177.08887	0.61299217	1.8626451e-09	135.86273336410522
93	89.59091	55.606297	200.0	21.0	89.59091	41.074905	16.855371	59.94715	-10.914161	188000	-0.05956618	481.61395	0.0	-136.89944	0.60860276	-9.685756e-10	137.27775859832764
94	86.73913	49.31815	200.0	16.0	86.73913	39.063297	14.41444	60.947575	0.773628	190000	-0.06448096	349.62778	0.0	-81.76364	0.6139278	-8.940697e-11	138.69522261619568
95	90.22727	52.77993	200.0	17.0	90.22727	38.97907	14.028034	59.448772	1.3675864	192000	-0.066064656	345.8069	0.0	-82.80655	0.615779	7.897616e-10	140.11265397071838
96	111.588234	59.758392	200.0	10.0	111.588234	39.908768	14.093095	60.013325	1.1711848	194000	-0.051066298	444.17902	0.0	-197.97818	0.61814517	1.3411046e-09	141.5277087688446
97	129.06667	46.771023	200.0	37.0	129.06667	53.250008	12.465169	67.02559	5.3229866	196000	-0.034898367	358.0512	0.0	-130.7315	0.6192984	-8.940697e-10	142.9435157775879
98	101.57895	45.020832	200.0	16.0	101.57895	43.064014	19.179884	67.15567	-0.42227006	198000	-0.06729583	268.68356	0.0	-87.37375	0.6128372	9.834766e-10	144.36558961868286
99	126.26667	51.281532	200.0	19.0	126.26667	40.725746	17.50963	66.56874	-4.541652	200000	-0.048695203	438.45096	0.0	-174.06827	0.6172127	-8.940697e-11	145.78104948997498
100	137.92857	50.365044	200.0	45.0	137.92857	49.575153	16.036001	71.82289	-3.3397698	202000	-0.045956504	307.37106	0.0	-87.20622	0.61494	-1.6987325e-09	147.20136904716492
101	131.57143	53.891045	200.0	24.0	131.57143	48.677734	17.942411	70.95013	2.992955	204000	-0.04853805	205.68741	0.0	-52.823837	0.61581373	2.0563604e-09	148.61846327781677
102	132.73334	55.595524	200.0	37.0	132.73334	51.79042	18.08627	75.45301	8.83976	206000	-0.036008984	418.21255	0.0	-109.54129	0.61469	-2.6822092e-10	150.03328204154968
103	140.78572	36.606358	200.0	85.0	140.78572	45.71754	17.104887	71.96338	4.5407314	208000	-0.04711954	249.1307	0.0	-90.47954	0.6150723	-8.195639e-10	151.44771194458008
104	131.14285	45.81618	200.0	38.0	131.14285	48.369656	18.278713	74.512695	-1.235689	210000	-0.035072297	215.92175	0.0	-53.55443	0.61601603	-1.385808e-09	152.86179971694946
105	117.117645	54.15325	200.0	28.0	117.117645	52.282017	17.141079	75.85236	7.6542463	212000	-0.04692377	392.015	0.0	-161.54243	0.6070717	5.3644184e-10	154.28438782691956
106	132.46666	46.488518	200.0	56.0	132.46666	40.682587	18.942785	68.6165	2.0679944	214000	-0.04364467	541.11774	0.0	-258.46512	0.60866874	1.7881394e-09	155.7012333869934
107	113.82353	52.26205	200.0	32.0	113.82353	48.999523	14.457917	71.17652	0.5103189	216000	-0.039257217	333.1807	0.0	-152.07568	0.6069877	0.0	157.1170916557312
108	133.33333	62.500843	200.0	22.0	133.33333	48.204082	17.740538	71.73926	-1.5445465	218000	-0.04961419	437.08258	0.0	-120.25415	0.60997725	1.192093e-09	158.5334289073944
109	165.27272	34.842743	200.0	115.0	165.27272	47.26684	14.9729595	68.45521	10.034924	220000	-0.042765755	372.40845	0.0	-252.89822	0.60992205	-5.811453e-10	159.95115160942078
110	122.625	58.63859	200.0	23.0	122.625	54.14214	19.947302	76.07891	7.138817	222000	-0.029838819	460.1688	0.0	-206.81969	0.6047614	-8.940697e-10	161.37135696411133
111	115.76471	56.989708	200.0	39.0	115.76471	52.61185	13.70007	67.8212	1.9953645	224000	-0.03732435	389.26422	0.0	-132.60898	0.60421103	1.385808e-09	162.7848482131958
112	154.5	51.220924	200.0	23.0	154.5	40.838093	15.817516	66.08462	-0.96866596	226000	-0.047404	383.02164	0.0	-231.64998	0.6073636	3.218651e-09	164.20413446426392
113	156.66667	34.174393	200.0	94.0	156.66667	50.52754	18.675255	73.98656	2.9800508	228000	-0.049421053	195.95526	0.0	-84.090866	0.6049851	-8.046627e-10	165.61929035186768
114	165.16667	42.272594	200.0	51.0	165.16667	53.355644	17.020117	74.828705	7.498487	230000	-0.03971972	204.12895	0.0	-74.41783	0.60245323	6.8545347e-10	167.0366997718811
115	164.0	43.852024	200.0	79.0	164.0	55.799984	20.976072	76.22427	5.0381575	232000	-0.01753055	309.5119	0.0	-105.33461	0.60956943	1.3709069e-09	168.45261454582214
116	149.46153	55.234623	200.0	33.0	149.46153	51.041725	17.552605	72.58831	4.96636	234000	-0.027818657	290.42142	0.0	-102.400055	0.5996212	-2.0861626e-10	169.86949753761292
117	123.9375	59.307957	200.0	18.0	123.9375	48.485718	19.076782	74.5834	2.8221395	236000	-0.06504271	324.8466	0.0	-76.67383	0.58951515	-2.6822092e-10	171.2848880290985
118	129.8	57.926617	200.0	29.0	129.8	47.951286	17.04576	72.654854	1.4061859	238000	-0.057274934	298.8897	0.0	-99.124664	0.59912235	2.5928022e-09	172.70218968391418
119	164.63637	30.683939	200.0	112.0	164.63637	48.264618	18.67571	70.328255	3.3963764	240000	-0.035040207	230.52145	0.0	-126.42865	0.60537285	-4.6193602e-10	174.1218490600586
120	140.92857	43.471607	200.0	69.0	140.92857	54.44558	19.368992	77.29982	4.1073084	242000	-0.031035846	308.25677	0.0	-85.014984	0.590787	2.9802324e-10	175.5402603149414
121	153.66667	49.10759	200.0	45.0	153.66667	44.084538	21.847178	72.9924	1.1407508	244000	-0.027952615	448.57797	0.0	-247.03378	0.59997964	-1.1026859e-09	176.95255875587463
122	130.4	56.137688	200.0	41.0	130.4	49.50942	18.452665	74.56019	1.2854419	246000	-0.041918468	278.23145	0.0	-71.719315	0.5903093	-1.9818545e-09	178.37282967567444
123	136.85715	63.980865	200.0	26.0	136.85715	50.69946	17.1558	73.0541	2.5909243	248000	-0.03977882	260.9289	0.0	-71.10089	0.59360635	5.066395e-10	179.79321312904358
124	135.0	47.3754	200.0	49.0	135.0	50.58986	19.425226	76.23484	4.3878584	250000	-0.057123754	187.59267	0.0	-56.15056	0.5894026	3.7252904e-10	181.20714664459229
125	164.08333	36.30532	200.0	100.0	164.08333	44.341915	21.36339	75.05956	2.0132937	252000	-0.04463701	168.17453	0.0	-106.1602	0.60287416	-1.192093e-10	182.6257197856903
126	164.58333	44.32354	200.0	50.0	164.58333	57.671715	19.17808	79.572205	6.17883	254000	-0.024336053	231.15898	0.0	-70.03061	0.60191625	2.846122e-09	184.04595351219177
127	153.15384	51.83531	200.0	29.0	153.15384	55.259907	19.016804	77.14362	7.1632485	256000	-0.028763352	251.42307	0.0	-95.95618	0.599189	-1.937151e-10	185.4617567062378
128	156.75	49.23604	200.0	63.0	156.75	50.376186	19.550028	75.8246	1.7908404	258000	-0.060151383	162.2131	0.0	-55.383484	0.59747887	3.874302e-10	186.87435960769653
129	168.27272	42.58487	200.0	64.0	168.27272	59.026905	16.795101	77.222275	9.961594	260000	-0.03135038	341.89606	0.0	-183.79478	0.59317875	1.4454127e-09	188.2944414615631
130	157.91667	45.72282	200.0	67.0	157.91667	50.636364	20.63083	77.63312	2.4266021	262000	-0.041466013	276.72913	0.0	-77.534424	0.59394985	7.003546e-10	189.71457982063293
131	158.16667	44.49688	200.0	59.0	158.16667	52.983524	20.542597	75.042	0.44160783	264000	-0.042980634	255.20496	0.0	-68.25781	0.59563285	1.0728837e-09	191.12762475013733
132	161.5	42.006943	200.0	66.0	161.5	50.779663	19.87648	74.7273	1.1779974	266000	-0.030932058	172.80617	0.0	-65.199936	0.59494996	-1.5944244e-09	192.54546403884888
133	160.16667	47.526894	200.0	66.0	160.16667	53.29889	19.060438	76.744225	3.3356001	268000	-0.030183824	370.5529	0.0	-117.21663	0.58657587	-6.4074995e-10	193.9665403366089
134	168.63637	34.910988	200.0	88.0	168.63637	50.70208	19.314346	73.41062	4.3938446	270000	-0.027564095	219.91763	0.0	-113.80087	0.5899838	-8.940697e-10	195.38634848594666
135	158.58333	48.25187	200.0	80.0	158.58333	57.22912	19.853525	78.191574	6.109637	272000	-0.03224007	431.61176	0.0	-269.91595	0.5880581	6.8545347e-10	196.80815982818604
136	189.0	19.585709	200.0	138.0	189.0	50.05488	20.347607	78.45454	-0.6761801	274000	-0.020184498	436.59622	0.0	-289.92725	0.5973698	2.1010638e-09	198.22249484062195
137	183.7	26.66852	200.0	130.0	183.7	55.487095	18.674707	78.92445	6.1715493	276000	-0.010724202	230.33398	0.0	-99.92137	0.59061736	4.6193602e-10	199.6307771205902
138	175.54546	45.971066	200.0	43.0	175.54546	56.6788	21.347124	79.98913	2.461238	278000	-0.016094562	150.05583	0.0	-48.451187	0.5951598	2.5331975e-10	201.04692721366882
139	165.54546	41.21422	200.0	70.0	165.54546	50.228947	23.671648	80.52293	-0.4447794	280000	-0.03437385	213.43126	0.0	-113.314835	0.5902966	-1.3113023e-09	202.46631264686584
140	166.33333	35.110146	200.0	108.0	166.33333	57.01985	17.100794	78.738014	7.3241415	282000	-0.03017533	185.28905	0.0	-98.32645	0.5857688	-2.8312208e-10	203.95996832847595
141	151.16667	47.631977	200.0	26.0	151.16667	57.852844	20.20017	79.82187	7.419875	284000	-0.04434592	224.08165	0.0	-108.212585	0.57957757	6.4074995e-10	205.4485490322113
142	188.2	24.534874	200.0	126.0	188.2	46.942272	21.52464	77.451126	6.678405	286000	-0.013450349	278.5334	0.0	-160.13559	0.5951453	1.192093e-10	206.93525457382202
143	190.2	12.576168	200.0	167.0	190.2	58.471424	20.054163	81.6832	7.4541183	288000	-0.021612674	199.1612	0.0	-62.993225	0.59144354	1.4603139e-09	208.42358994483948
144	165.25	40.1396	200.0	82.0	165.25	57.78871	21.417221	80.55263	-1.7063817	290000	-0.02042913	298.86273	0.0	-126.45595	0.58876294	1.7881394e-10	209.91725420951843
145	158.5	58.31595	200.0	43.0	158.5	53.72089	19.194235	78.04026	0.9077276	292000	-0.031551898	256.77954	0.0	-92.43771	0.5868383	-9.536744e-10	211.4069426059723
146	188.1	23.86818	200.0	130.0	188.1	54.787613	19.35545	78.52824	9.475598	294000	-0.027475659	217.48022	0.0	-73.32065	0.5915136	-2.1904707e-09	212.89479422569275
147	177.09091	29.021791	200.0	95.0	177.09091	48.482277	19.487518	78.13996	7.2882075	296000	-0.038500186	276.96875	0.0	-143.18797	0.5860967	1.6242266e-09	214.37972211837769
148	174.72728	48.034252	200.0	42.0	174.72728	58.8807	18.858046	82.73516	6.55176	298000	-0.021766203	282.9692	0.0	-100.73514	0.5848267	-4.0233136e-10	215.87121033668518
149	191.7	16.601507	200.0	158.0	191.7	51.743954	21.626707	82.11354	3.562542	300000	-0.024126265	234.97893	0.0	-132.90874	0.5876053	-7.897616e-10	217.3591022491455
150	175.18182	28.158054	200.0	120.0	175.18182	57.245888	22.03828	83.5458	0.64034355	302000	-0.015904622	297.88022	0.0	-126.46983	0.5871013	8.642674e-10	218.85527515411377
151	177.09091	39.299442	200.0	73.0	177.09091	53.98313	20.047997	81.91419	5.413725	304000	-0.008450635	203.84808	0.0	-97.28891	0.58351856	-2.6822092e-10	220.3439862728119
152	181.4	29.830185	200.0	99.0	181.4	53.315178	19.764006	79.92736	6.513973	306000	-0.023023726	334.12952	0.0	-159.10042	0.5861474	5.2154064e-10	221.83735346794128
153	168.90909	44.43065	200.0	58.0	168.90909	55.456665	17.195389	80.1525	-3.885119	308000	-0.015445618	200.50041	0.0	-77.08949	0.58399236	3.2484533e-09	223.32483553886414
154	175.72728	36.113686	200.0	79.0	175.72728	57.16808	19.312311	81.55558	-3.3322406	310000	-0.03386841	292.24402	0.0	-144.04666	0.5855599	-4.0233136e-10	224.83477687835693
155	180.63637	36.449898	200.0	87.0	180.63637	49.82906	21.468771	79.39833	-2.1173	312000	-0.030563112	271.46954	0.0	-153.85483	0.58041006	-1.4603139e-09	226.32209992408752
156	175.27272	38.59131	200.0	77.0	175.27272	58.271774	21.884848	81.23377	-2.2519214	314000	-0.031081544	325.24884	0.0	-119.49483	0.57963336	-2.115965e-09	227.80919933319092
157	192.5	11.280514	200.0	168.0	192.5	50.569168	18.004637	77.577866	1.5041308	316000	-0.029789384	203.50694	0.0	-120.57866	0.578096	1.4901161e-09	229.29835987091064
158	166.63637	34.43907	200.0	106.0	166.63637	50.185246	24.230583	82.683876	1.4127073	318000	-0.032805108	205.03192	0.0	-97.97352	0.57817054	5.960465e-11	230.79285216331482
159	187.4	26.321854	200.0	116.0	187.4	58.973537	16.59858	80.63968	14.043966	320000	-0.007926856	260.1245	0.0	-113.667206	0.5812128	-1.5795232e-09	232.28133845329285
160	193.8	13.181805	200.0	159.0	193.8	57.656693	19.217459	82.968506	5.9410076	322000	-0.0152326785	217.2561	0.0	-111.76967	0.5840726	7.4505807e-10	233.77713322639465
161	165.25	47.662224	200.0	44.0	165.25	55.538788	20.133654	80.99756	7.476163	324000	-0.03715657	271.51968	0.0	-102.09454	0.57695526	-6.5565114e-10	235.26923751831055
162	193.8	12.319091	200.0	163.0	193.8	55.81543	20.320702	81.60852	2.5479107	326000	-0.015324651	266.2624	0.0	-95.08844	0.58272475	-2.026558e-09	236.7634744644165
163	182.9	34.520863	200.0	104.0	182.9	55.528656	17.517471	77.484566	13.30112	328000	-0.016246552	238.4528	0.0	-133.35422	0.5749212	1.654029e-09	238.2549593448639
164	172.27272	40.310368	200.0	97.0	172.27272	55.090595	24.386593	83.74378	2.3845153	330000	-0.006779138	404.28354	0.0	-197.3739	0.5807381	1.1622906e-09	239.74639773368835
165	167.36363	52.188942	200.0	52.0	167.36363	51.639343	18.75421	77.59052	2.5726657	332000	-0.03687269	241.82379	0.0	-119.59392	0.57913977	-4.4703484e-11	241.23629188537598
166	200.0	0.0	200.0	200.0	200.0	55.6221	19.21617	80.71443	3.8265183	334000	-0.02550879	228.18182	0.0	-148.01465	0.5805693	1.6689301e-09	242.64898443222046
167	183.3	37.47279	200.0	75.0	183.3	59.303837	19.849236	84.20457	7.370608	336000	-0.025794828	291.29178	0.0	-134.00377	0.5781206	1.7136336e-09	244.06391763687134
168	198.8	3.6	200.0	188.0	198.8	55.118412	19.41456	78.18084	7.765339	338000	-0.022322744	248.17577	0.0	-105.12491	0.5825377	1.7881394e-10	245.48009204864502
169	190.0	28.691462	200.0	104.0	190.0	56.253105	20.71378	80.212585	4.5772943	340000	-0.026724964	342.6229	0.0	-107.28223	0.5791459	-5.960465e-11	246.89468431472778
170	181.27272	25.824903	200.0	133.0	181.27272	50.381226	20.592138	81.02169	4.8919153	342000	-0.016236912	260.26718	0.0	-161.39932	0.57937676	-4.321337e-10	248.31263709068298
171	190.5	19.011839	200.0	151.0	190.5	58.0419	18.472574	82.42174	6.549264	344000	-0.012453082	320.83038	0.0	-159.01042	0.5795508	-9.983778e-10	249.72547888755798
172	181.45454	27.59237	200.0	112.0	181.45454	52.470367	19.77552	82.01729	10.561506	346000	-0.013813986	364.25784	0.0	-165.41724	0.57444483	-9.387732e-10	251.13902807235718
173	188.3	23.983536	200.0	123.0	188.3	54.876907	16.661165	81.45583	6.17476	348000	-0.0150153395	217.1116	0.0	-123.97085	0.5800546	-2.5331975e-10	252.55115675926208
174	177.18182	33.876293	200.0	116.0	177.18182	58.096092	20.089066	83.32411	5.5815735	350000	-0.02911331	249.9881	0.0	-83.940994	0.56794095	-1.2069941e-09	253.96637630462646
175	180.54546	36.8914	200.0	78.0	180.54546	52.959846	20.2151	79.936714	4.760265	352000	-0.011061799	167.82793	0.0	-86.174	0.57536304	-2.5331975e-10	255.37788581848145
176	197.8	4.1665335	200.0	187.0	197.8	57.618664	19.211231	82.48807	5.879676	354000	-0.024778344	188.15213	0.0	-74.31108	0.58092326	-5.960465e-10	256.78933119773865
177	180.81818	30.638117	200.0	98.0	180.81818	55.7156	22.028484	84.24431	-0.1577661	356000	-0.031717096	184.86382	0.0	-85.381874	0.56835353	-1.0281802e-09	258.22656536102295
178	161.5	44.338657	200.0	54.0	161.5	55.496883	21.84975	82.27815	3.7855563	358000	-0.04631472	275.93134	0.0	-101.47104	0.56347275	-5.066395e-10	259.64246463775635
179	181.81818	30.915775	200.0	110.0	181.81818	51.80636	19.174349	76.60407	0.26087463	360000	-0.029127162	302.85165	0.0	-127.09235	0.5718278	-2.0861626e-10	261.0514690876007
180	172.54546	31.775816	200.0	122.0	172.54546	52.231	19.562332	80.13399	2.2673392	362000	-0.034558754	183.29495	0.0	-98.935555	0.5691139	1.2516976e-09	262.46497774124146
181	194.3	9.716481	200.0	170.0	194.3	55.00219	22.509611	80.786064	2.1481066	364000	-0.024700189	199.42387	0.0	-66.52615	0.56730324	9.834766e-10	263.8815121650696
182	191.6	15.774663	200.0	152.0	191.6	57.206066	18.264557	80.39587	5.058423	366000	-0.009469571	158.52663	0.0	-78.71634	0.5720805	-3.5762787e-10	265.2952561378479
183	183.4	33.962334	200.0	101.0	183.4	59.104843	21.602491	83.41463	4.0656395	368000	-0.0028127262	301.111	0.0	-160.4851	0.572308	-7.748604e-10	266.7066249847412
184	170.81818	31.642372	200.0	117.0	170.81818	52.401264	21.369526	82.17927	2.553568	370000	-0.011236695	258.2941	0.0	-130.5769	0.5696143	-1.7881394e-09	268.11719512939453
185	194.3	17.1	200.0	143.0	194.3	57.591225	19.262264	81.362144	7.4482617	372000	-0.024081025	184.52043	0.0	-72.54669	0.5686687	5.2154064e-10	269.52959299087524
186	185.6	19.845402	200.0	135.0	185.6	56.535988	20.047361	82.32477	-4.8735003	374000	-0.008376813	320.5224	0.0	-204.01813	0.5645	-1.3560058e-09	270.94504857063293
187	190.8	27.268297	200.0	109.0	190.8	52.246677	22.057663	82.42469	2.1723104	376000	-0.011184147	242.62431	0.0	-133.31305	0.56230915	-1.3560058e-09	272.35580611228943
188	193.7	15.466415	200.0	148.0	193.7	60.873306	19.838814	83.23556	-0.33351552	378000	0.00012067223	380.8803	0.0	-160.83371	0.5650552	7.3015693e-10	273.77056336402893
189	188.2	17.371239	200.0	151.0	188.2	52.711235	19.558935	80.15031	6.2857113	380000	-0.0084601445	179.60378	0.0	-104.27556	0.57430404	2.1904707e-09	275.18408489227295
190	177.63637	31.568895	200.0	114.0	177.63637	58.546112	21.361134	83.82265	4.726693	382000	-0.011737864	208.24869	0.0	-117.67911	0.5635961	-3.2782557e-10	276.5984151363373
191	185.4	30.539156	200.0	107.0	185.4	60.58819	17.467024	81.77472	9.047134	384000	-0.016954087	335.9021	0.0	-146.97682	0.5675736	1.6838313e-09	278.0115942955017
192	182.7	34.368736	200.0	105.0	182.7	51.612785	19.354593	79.83835	10.951821	386000	-0.01993747	295.6136	0.0	-79.757935	0.5569912	1.2964011e-09	279.42449975013733
193	189.1	24.398567	200.0	121.0	189.1	58.78623	15.765785	81.129074	21.069605	388000	-0.0050416556	228.41739	0.0	-120.53297	0.56397915	-3.874302e-10	280.8349709510803
194	180.9	31.216824	200.0	116.0	180.9	52.74404	21.284065	81.740746	10.359654	390000	-0.013023812	249.81216	0.0	-94.96863	0.56619364	2.4735929e-09	282.2458872795105
195	184.2	25.650732	200.0	126.0	184.2	60.358757	16.746845	84.49691	13.345701	392000	-0.0017498094	303.51993	0.0	-153.25449	0.55921507	1.2814999e-09	283.6594970226288
196	194.3	11.135978	200.0	166.0	194.3	55.724163	17.971462	82.68212	11.051636	394000	-0.0127197215	187.20714	0.0	-95.035355	0.56462723	-4.917383e-10	285.0747129917145
197	189.7	30.899998	200.0	97.0	189.7	60.337547	19.705578	84.53864	10.046447	396000	-0.006813019	417.39096	0.0	-166.79176	0.56365246	-1.937151e-10	286.4824697971344
198	181.27272	32.83316	200.0	104.0	181.27272	53.84237	19.062864	80.31791	1.3771398	398000	-0.013494767	250.24083	0.0	-94.734634	0.5611282	-2.3543836e-09	287.8979971408844
199	192.0	23.34095	200.0	122.0	192.0	48.194134	22.541515	81.25115	-3.0678415	400000	-0.010137438	247.50352	0.0	-168.50343	0.5732593	1.3411046e-09	289.31231570243835
200	172.90909	34.7601	200.0	106.0	172.90909	64.98205	17.87384	84.67644	15.005261	402000	-0.010806775	380.71396	0.0	-202.75189	0.55556166	1.6391278e-09	290.72878670692444
201	191.0	27.0	200.0	110.0	191.0	53.551373	16.341833	79.59475	12.833165	404000	-0.020014424	313.34476	0.0	-124.019485	0.55657494	-5.960465e-10	292.13836145401
202	190.1	22.849289	200.0	125.0	190.1	56.00726	19.765615	82.07294	5.6875067	406000	-0.005725833	292.81406	0.0	-119.613144	0.56317943	1.9669533e-09	293.55137634277344
203	199.3	2.1	200.0	193.0	199.3	55.115337	19.668974	81.900276	1.2005607	408000	-0.019120296	295.94052	0.0	-94.812256	0.563949	2.3245812e-09	294.96346044540405
204	184.1	26.466772	200.0	120.0	184.1	56.757187	18.149345	79.29209	6.578764	410000	-0.011747518	179.5137	0.0	-131.05109	0.56082654	-1.8179418e-09	296.37484550476074
205	189.1	21.801146	200.0	145.0	189.1	55.345818	19.121271	80.82988	7.2556424	412000	-0.0016463337	269.0264	0.0	-110.00365	0.5619607	2.9802324e-11	297.7887818813324
206	189.6	25.247574	200.0	116.0	189.6	53.310772	20.189722	82.347015	7.8284826	414000	-0.016180843	229.34276	0.0	-92.36188	0.5611482	-2.488494e-09	299.2012183666229
207	178.27272	24.007917	200.0	146.0	178.27272	50.49996	23.15057	82.23136	1.4648737	416000	-0.010965863	152.55724	0.0	-84.28317	0.5681051	1.5199185e-09	300.61382031440735
208	190.9	12.83316	200.0	168.0	190.9	57.621914	20.522388	80.84766	1.0935258	418000	-0.008084399	182.57738	0.0	-74.923355	0.5686515	2.0712616e-09	302.02609395980835
209	185.9	13.938795	200.0	158.0	185.9	61.242313	20.940552	83.55561	5.0076137	420000	-0.018662486	185.8027	0.0	-116.00737	0.5624262	1.1771918e-09	303.44189405441284
210	191.4	17.771889	200.0	147.0	191.4	55.195312	17.831093	79.143654	9.544248	422000	-0.015532486	158.83151	0.0	-83.63654	0.5613235	2.384186e-10	304.8604667186737
211	180.54546	32.720203	200.0	96.0	180.54546	54.28682	22.909998	80.247536	-7.411784	424000	-0.018464513	278.8247	0.0	-171.79654	0.556833	-9.834766e-10	306.271977186203
212	181.0	27.781616	200.0	124.0	181.0	54.826977	21.259945	79.61728	2.2327473	426000	0.0020340579	234.63351	0.0	-117.665665	0.5676444	-8.940697e-11	307.684041261673
213	185.2	24.44913	200.0	134.0	185.2	53.96645	18.214985	80.30013	3.6559467	428000	-0.007476359	179.5595	0.0	-113.19176	0.5614795	-1.0281802e-09	309.1018097400665
214	164.33333	46.776657	200.0	58.0	164.33333	52.047947	25.116934	82.254074	-1.107176	430000	-0.021837266	295.53458	0.0	-113.65065	0.56688726	7.4505807e-10	310.5157606601715
215	165.18182	51.682274	200.0	42.0	165.18182	54.360897	18.280716	74.61266	3.5142033	432000	-0.02602321	225.9706	0.0	-63.476654	0.55942905	-5.2154064e-10	311.92853474617004
216	186.9	21.741436	200.0	137.0	186.9	55.035267	20.561466	79.364586	-0.48964715	434000	-0.014778346	158.71594	0.0	-81.066505	0.56442213	1.6391279e-10	313.34258556365967
217	196.5	10.5	200.0	165.0	196.5	57.693447	20.51183	81.5543	9.473991	436000	-0.012415565	255.57686	0.0	-134.06282	0.56053567	-9.089709e-10	314.75614762306213
218	197.9	5.374942	200.0	182.0	197.9	57.575504	20.013298	81.21772	5.062088	438000	-0.003803345	235.2651	0.0	-94.78981	0.56453437	2.3692848e-09	316.168208360672
219	195.9	12.3	200.0	159.0	195.9	62.78221	17.913368	81.8027	11.38404	440000	-0.008772598	373.3194	0.0	-92.75189	0.56091154	-1.0430813e-10	317.5876805782318
220	179.27272	33.45578	200.0	94.0	179.27272	52.99611	16.540909	77.10701	4.967142	442000	-0.02408967	258.38812	0.0	-112.5639	0.55497366	3.874302e-10	319.02668476104736
221	196.7	5.916925	200.0	185.0	196.7	52.629814	19.595497	79.107445	7.4620047	444000	-0.013416199	134.28993	0.0	-67.60923	0.5530829	2.1904707e-09	320.46454405784607
222	199.4	1.8000001	200.0	194.0	199.4	59.367783	20.720745	82.022484	7.7949896	446000	-0.012342786	284.00076	0.0	-158.61961	0.55817693	-1.4603139e-09	321.892853975296
223	174.81818	34.334766	200.0	91.0	174.81818	54.051884	20.743536	82.53049	8.006372	448000	-0.029032249	265.14337	0.0	-110.74916	0.5554289	3.4570695e-09	323.3167703151703
224	200.0	0.0	200.0	200.0	200.0	57.108555	19.837591	84.91409	12.45888	450000	-0.0071062283	295.9861	0.0	-91.253296	0.55976784	-7.897616e-10	324.7507917881012
225	179.54546	41.017433	200.0	73.0	179.54546	60.553368	18.01411	81.53249	7.042998	452000	-0.034445673	253.43956	0.0	-133.2735	0.55122626	6.705523e-10	326.2787263393402
226	200.0	0.0	200.0	200.0	200.0	54.207165	19.786129	80.18085	12.02676	454000	-0.013083868	366.9745	0.0	-154.11441	0.55579156	-3.2782557e-10	327.7303624153137
227	195.0	15.0	200.0	150.0	195.0	49.043392	21.70122	81.044754	-0.80563426	456000	-0.006864938	391.8505	0.0	-233.56628	0.5580285	-4.4703484e-11	329.1832528114319
228	196.1	11.7	200.0	161.0	196.1	59.01157	17.901827	83.087105	11.94505	458000	-0.0047640135	243.15794	0.0	-109.710434	0.56055987	-9.536744e-10	330.6178832054138
229	194.1	17.699999	200.0	141.0	194.1	62.701984	17.822014	86.348755	5.656146	460000	-0.004477549	299.498	0.0	-169.09679	0.5566033	2.0861626e-10	332.0361976623535
230	194.0	18.0	200.0	140.0	194.0	55.477966	19.625399	83.06063	15.478499	462000	-0.013989284	191.91429	0.0	-87.12446	0.5574049	1.2814999e-09	333.458459854126
231	186.3	23.315445	200.0	122.0	186.3	56.286575	21.913363	83.188805	7.336602	464000	-0.00942762	191.11581	0.0	-83.92156	0.55525184	-7.4505807e-10	334.8737440109253
232	194.5	12.547908	200.0	159.0	194.5	55.639557	19.689186	83.88129	11.467312	466000	-0.0061126407	209.21794	0.0	-82.37367	0.55877334	1.1473895e-09	336.28565740585327
233	194.8	15.6	200.0	148.0	194.8	57.453037	21.208168	83.56369	10.618149	468000	-0.010549181	142.65578	0.0	-57.55632	0.56144434	2.8163196e-09	337.85516023635864
234	190.5	17.419817	200.0	144.0	190.5	53.388054	22.005972	85.11325	5.1845493	470000	-0.013999598	286.87802	0.0	-148.09164	0.5542974	4.6193602e-10	339.47182726860046
235	197.3	8.1	200.0	173.0	197.3	54.80211	20.332216	81.66935	12.080962	472000	-0.012469166	170.05054	0.0	-87.42725	0.55659693	-2.5182965e-09	341.043493270874
236	194.8	15.6	200.0	148.0	194.8	59.025646	19.068325	84.03324	9.863141	474000	0.0036884958	182.86852	0.0	-68.16359	0.5620222	7.5995926e-10	342.6086070537567
237	195.9	11.648605	200.0	161.0	195.9	63.682987	19.236183	86.025475	5.8314667	476000	-0.011604268	279.14206	0.0	-138.18073	0.5618448	1.3411046e-10	344.14830112457275
238	187.0	26.14192	200.0	118.0	187.0	53.994106	21.632856	81.348015	9.365405	478000	-0.0064312527	318.16745	0.0	-170.75433	0.5514281	4.1723253e-10	345.574102640152
239	198.2	5.4	200.0	182.0	198.2	52.402718	21.418331	81.429115	11.008024	480000	0.0015331574	177.10004	0.0	-63.831596	0.5501195	2.0414592e-09	346.99139404296875
240	173.54546	46.63858	200.0	56.0	173.54546	58.584328	20.354319	84.55728	6.1771517	482000	-0.0057507725	302.1512	0.0	-134.94753	0.5558652	4.768372e-10	348.4176115989685
241	200.0	0.0	200.0	200.0	200.0	57.357327	18.388721	83.32689	15.913793	484000	-0.01022552	224.84839	0.0	-122.98276	0.553621	-1.2218953e-09	349.83211612701416
242	199.6	1.1999999	200.0	196.0	199.6	60.095413	21.077158	84.58538	11.291284	486000	-0.012966023	223.39694	0.0	-85.54112	0.5603966	-3.4421683e-09	351.24750447273254
243	190.2	15.992497	200.0	154.0	190.2	55.166477	20.296404	81.56776	6.269035	488000	-0.02424853	218.2493	0.0	-84.77382	0.5530886	-2.384186e-09	352.663943529129
244	184.0	27.89982	200.0	118.0	184.0	56.668705	18.757328	82.58358	13.589099	490000	0.00033937456	274.6479	0.0	-92.89244	0.54576427	-3.4272671e-09	354.0914571285248
245	185.3	29.40085	200.0	126.0	185.3	56.954514	18.631496	83.93621	9.398307	492000	-0.016281065	199.06146	0.0	-101.06342	0.5472564	-9.089709e-10	355.566853761673
246	192.1	15.129111	200.0	156.0	192.1	54.816296	20.368013	82.07533	4.0414467	494000	-0.0029661867	272.8901	0.0	-167.82617	0.552485	-2.5331975e-10	357.0277018547058
247	187.9	24.250566	200.0	136.0	187.9	61.006813	19.14808	87.000465	12.722229	496000	-0.015816582	403.72714	0.0	-171.44244	0.5461867	2.9802324e-11	358.46573138237
248	198.0	6.0	200.0	180.0	198.0	56.79238	18.100277	83.1388	4.1035967	498000	-0.0032058125	262.60184	0.0	-113.65863	0.5467145	-1.0430813e-10	360.0077245235443
249	192.6	16.438978	200.0	147.0	192.6	62.53418	15.442772	82.43276	20.99543	500000	-0.00038232043	258.4364	0.0	-135.80661	0.5516575	2.8163196e-09	361.43417716026306
250	195.4	13.799999	200.0	154.0	195.4	52.84116	23.409613	81.84794	-4.1015806	502000	-0.00015449048	270.07474	0.0	-115.136475	0.54885197	-1.6987325e-09	362.8545660972595
251	200.0	0.0	200.0	200.0	200.0	55.538242	19.215101	81.7997	13.434581	504000	0.00061412813	251.04129	0.0	-113.74982	0.5486117	-1.1324883e-09	364.2853057384491
252	197.1	8.7	200.0	171.0	197.1	57.882984	18.908674	84.16618	11.064554	506000	0.0036401933	297.2927	0.0	-65.87718	0.5466711	1.1771918e-09	365.93673634529114
253	180.6	43.927666	200.0	52.0	180.6	60.397884	19.810186	82.347244	5.1920586	508000	-0.019085543	427.99304	0.0	-121.81912	0.5510933	1.0877849e-09	367.3578259944916
254	198.2	5.4000006	200.0	182.0	198.2	55.55957	18.204586	84.07685	-2.3744752	510000	-0.010541169	294.0467	0.0	-126.336044	0.5476901	-1.9520523e-09	368.76295924186707
255	195.9	12.3	200.0	159.0	195.9	59.1259	18.878262	84.7051	3.0548253	512000	0.00257667	298.71304	0.0	-162.76079	0.5540483	1.0430813e-10	370.16845417022705
256	200.0	0.0	200.0	200.0	200.0	58.67823	20.13703	84.30146	8.957691	514000	-0.007858048	388.7725	0.0	-190.4213	0.55491817	-1.937151e-10	371.6232690811157
257	197.7	6.8999996	200.0	177.0	197.7	55.15153	20.013086	84.17188	4.4860086	516000	-0.00943235	250.29324	0.0	-64.07121	0.5465232	-1.7583371e-09	373.15292096138
258	200.0	0.0	200.0	200.0	200.0	57.52182	17.204353	84.47296	18.803816	518000	-0.008291086	229.9514	0.0	-116.43637	0.551005	-1.1026859e-09	374.5815796852112
259	184.7	26.099998	200.0	134.0	184.7	57.242798	19.306168	86.02713	15.8909645	520000	0.00035443116	276.80927	0.0	-133.35274	0.5435709	-2.0563604e-09	376.00214433670044
260	195.0	15.0	200.0	150.0	195.0	64.377754	17.482206	85.30556	6.659457	522000	-0.006868728	346.10352	0.0	-202.69333	0.554549	-1.4752151e-09	377.4595060348511
261	194.3	17.1	200.0	143.0	194.3	50.846268	19.519926	84.455185	11.515003	524000	-0.01685941	363.5832	0.0	-221.53569	0.5499662	1.1026859e-09	378.92267990112305
262	196.2	9.568699	200.0	168.0	196.2	56.093765	20.226992	84.84655	5.6033726	526000	-0.03020552	162.37413	0.0	-71.24059	0.545354	-3.5762787e-10	380.42086958885193
263	188.9	18.549664	200.0	138.0	188.9	53.016304	22.380651	85.214775	7.9936123	528000	-0.007851773	220.7817	0.0	-116.15622	0.54798806	-8.195639e-10	381.8909339904785
264	199.1	2.7000003	200.0	191.0	199.1	60.07239	17.793304	83.821846	13.109064	530000	-0.004298664	204.05138	0.0	-90.24584	0.54729396	1.6391279e-10	383.38389253616333
265	200.0	0.0	200.0	200.0	200.0	54.895092	21.330687	84.82327	13.684744	532000	-0.013773124	275.87238	0.0	-139.12636	0.54688346	1.0728837e-09	385.11752438545227
