Epoch	AverageEpRet	StdEpRet	MaxEpRet	MinEpRet	EpLen	AverageVVals	StdVVals	MaxVVals	MinVVals	TotalEnvInteracts	Losspi	Lossv	KL	Time	ImproveCondition	BackTrack_Iters
0	-1329.9122	227.64047	-991.7695	-1800.68	200.0	-0.07120352	0.11883922	0.20390242	-0.29743063	3000	2.7974446e-08	180109.39	0.007691058	2.5121991634368896	0.96180916	0.0
1	-1391.4366	270.73093	-976.72675	-1815.6816	200.0	-8.830879	0.8711022	-5.1764183	-9.618896	6000	-1.742045e-07	197146.06	0.007852001	4.921425104141235	0.98043406	0.0
2	-1406.3245	307.68512	-848.9622	-1864.7134	200.0	-16.63055	0.3194937	-14.7809	-16.825886	9000	4.386902e-08	196423.02	0.0083301375	7.351714372634888	0.962435	0.0
3	-1240.3605	258.24133	-794.0072	-1778.1322	200.0	-22.839289	0.18024088	-21.941097	-22.968441	12000	9.2188515e-08	148794.77	0.0076949145	9.849667072296143	0.93176204	0.0
4	-1192.2488	223.14418	-797.1959	-1600.189	200.0	-28.161886	0.08035936	-27.81943	-28.223343	15000	-2.0980835e-07	133619.61	0.007382346	12.135744094848633	1.0176308	0.0
5	-1294.5741	331.91	-855.5914	-1859.3524	200.0	-33.17673	0.036027662	-32.985233	-33.205387	18000	-1.0172526e-07	156848.53	0.0066836877	14.413347482681274	0.97637606	0.0
6	-1252.5396	257.97607	-862.536	-1637.0392	200.0	-38.419434	0.03211949	-38.27536	-38.44126	21000	-7.6293944e-08	139855.3	0.0082833255	16.650166749954224	1.0696046	0.0
7	-1243.2598	344.13672	-868.79224	-1767.7014	200.0	-43.48687	0.031428266	-43.382366	-43.51146	24000	2.0345052e-08	140925.45	0.006860611	19.24542784690857	1.0518463	0.0
8	-1240.7279	360.23285	-779.13245	-1851.4669	200.0	-48.48597	0.029420657	-48.372055	-48.508617	27000	4.196167e-08	138173.2	0.0069543687	21.598907470703125	1.0201713	0.0
9	-1256.1107	245.73784	-879.1632	-1615.4335	200.0	-53.44263	0.010963645	-53.386494	-53.4505	30000	5.8492024e-08	130991.09	0.008530068	24.361976623535156	0.9575036	0.0
10	-1031.7495	151.15216	-862.3584	-1340.5085	200.0	-58.400448	0.015905352	-58.345448	-58.41797	33000	1.780192e-07	81335.8	0.0063805543	26.61060380935669	0.94594985	0.0
11	-1096.5597	260.8304	-760.75323	-1708.242	200.0	-62.545197	0.009231085	-62.518906	-62.55476	36000	-1.8882751e-07	94285.92	0.0067668674	28.899038553237915	0.97320414	0.0
12	-1052.957	207.82607	-844.57965	-1679.5675	200.0	-66.84123	0.0062813647	-66.820656	-66.84835	39000	4.83195e-08	81326.77	0.007911635	31.16385245323181	1.0312673	0.0
13	-1144.211	194.1226	-754.2989	-1509.5615	200.0	-70.98096	0.004493463	-70.96504	-70.98523	42000	-3.1789142e-08	96562.945	0.0074805915	33.45045495033264	1.0991744	0.0
14	-1060.3962	210.44524	-815.13416	-1623.4727	200.0	-75.54798	0.0050216746	-75.532364	-75.55345	45000	-2.5431316e-08	81448.76	0.00963244	35.711350440979004	0.97144616	0.0
15	-1027.4388	131.87349	-849.85236	-1220.0924	200.0	-79.86932	0.0032861882	-79.859634	-79.87311	48000	-2.9118854e-07	69027.04	0.008921573	37.986886978149414	1.1082531	0.0
16	-975.8647	142.46623	-762.17346	-1224.5457	200.0	-83.9613	0.0031198321	-83.95303	-83.96541	51000	-3.3060708e-08	61214.305	0.008008153	40.278908491134644	0.9864662	0.0
17	-901.7702	167.08537	-640.4023	-1245.6782	200.0	-87.91765	0.0027452863	-87.91098	-87.921646	54000	-1.6911824e-07	49314.406	0.00801929	42.53781247138977	0.94246906	0.0
18	-938.6746	187.17567	-747.18463	-1445.2012	200.0	-91.50671	0.0021792748	-91.50126	-91.50975	57000	-8.5194905e-08	53104.703	0.008559155	44.83206295967102	0.963066	0.0
19	-991.1426	175.17105	-752.82	-1323.7502	200.0	-95.18938	0.0019688264	-95.18456	-95.19189	60000	-2.4032593e-07	58808.004	0.00826567	47.101616859436035	1.0002419	0.0
20	-875.2948	161.54716	-630.54443	-1134.3292	200.0	-99.17385	0.0018478819	-99.16995	-99.17667	63000	-7.629394e-09	44215.742	0.008218829	49.40053129196167	0.995775	0.0
21	-947.5661	160.56381	-743.4362	-1290.0096	200.0	-102.81763	0.001486148	-102.81441	-102.81967	66000	6.6121416e-08	50521.375	0.008559096	51.65676736831665	1.1296421	0.0
22	-886.6126	122.62962	-713.29407	-1078.1355	200.0	-106.6709	0.0014086238	-106.66754	-106.672966	69000	1.6021728e-07	39797.46	0.008328128	53.95092296600342	0.9679926	0.0
23	-965.9037	135.03603	-663.38684	-1195.3359	200.0	-110.21952	0.0011642408	-110.21659	-110.22108	72000	6.739298e-08	49290.203	0.0072898325	56.215672731399536	0.9393903	0.0
24	-808.10284	118.95661	-630.35095	-1087.4657	200.0	-114.18428	0.0011260498	-114.18216	-114.18636	75000	3.814697e-09	31275.627	0.006975166	58.509411334991455	0.89367896	0.0
25	-851.931	172.3549	-637.95337	-1211.0725	200.0	-117.60481	0.0009681367	-117.60268	-117.60644	78000	-2.002716e-08	36694.59	0.008348773	60.774067878723145	1.006134	0.0
26	-913.7514	157.95938	-716.5075	-1319.4607	200.0	-121.26321	0.0009908297	-121.26088	-121.264595	81000	-7.6293944e-08	40113.875	0.008589497	63.32839918136597	1.0692438	0.0
27	-863.11285	138.87392	-655.0502	-1206.4415	200.0	-125.10296	0.0008242951	-125.100975	-125.10435	84000	6.866455e-08	33892.543	0.008078839	65.73223376274109	1.0924281	0.0
28	-866.8478	158.86736	-628.7047	-1197.1833	200.0	-128.85214	0.0007274716	-128.85043	-128.8533	87000	-3.4968057e-08	33949.48	0.0078120893	68.18041205406189	1.0243218	0.0
29	-843.4183	105.55996	-625.4048	-1010.64087	200.0	-132.57185	0.0006646965	-132.57043	-132.57298	90000	2.2888184e-08	28238.41	0.0022795356	70.56765675544739	1.0629303	1.0
30	-796.78235	107.80315	-635.4536	-1041.6475	200.0	-136.11069	0.00058245496	-136.10945	-136.1118	93000	2.3523967e-08	25358.97	0.0016971183	72.91916060447693	0.9289456	0.0
31	-868.9503	113.51824	-637.9126	-1043.8098	200.0	-139.5405	0.0006846107	-139.53885	-139.54152	96000	-5.086263e-08	30080.102	0.0020259114	75.25672435760498	1.0261154	0.0
32	-818.59467	126.09307	-633.2798	-1035.0363	200.0	-143.28914	0.0005324316	-143.28802	-143.29012	99000	6.866455e-08	24827.492	0.0019453525	77.63550662994385	0.92036766	0.0
33	-818.3391	85.45321	-647.56323	-975.5745	200.0	-146.8353	0.00043827764	-146.83434	-146.83618	102000	-8.646647e-08	24625.672	0.0018871231	80.00356793403625	0.99917567	0.0
34	-794.40173	82.20896	-656.9067	-975.36725	200.0	-150.45224	0.00041309386	-150.45146	-150.45306	105000	1.780192e-08	20963.957	0.0018795042	82.58503675460815	1.0016383	0.0
35	-817.5199	102.085884	-614.92633	-1096.1122	200.0	-153.83766	0.0003874707	-153.83679	-153.8384	108000	-1.9073486e-08	22819.688	0.0020703857	85.16009616851807	1.0553375	0.0
36	-783.26135	135.60579	-540.1953	-1097.0872	200.0	-157.376	0.00035500713	-157.37523	-157.37672	111000	8.90096e-08	20160.613	0.0022567292	87.77526450157166	0.9924793	0.0
37	-775.7123	108.09244	-625.20404	-997.3096	200.0	-160.77148	0.000324628	-160.7708	-160.77214	114000	-3.0517576e-08	18539.373	0.001984001	90.17191362380981	0.97936857	0.0
38	-775.10754	97.38255	-632.9702	-956.1209	200.0	-164.13821	0.0003039552	-164.13754	-164.13884	117000	-3.369649e-08	18313.97	0.0022255708	92.62476205825806	1.0250378	0.0
39	-773.1	121.641174	-503.98618	-1000.55383	200.0	-167.54927	0.00029384153	-167.54868	-167.54985	120000	-2.5431316e-08	17098.682	0.0022976478	95.0137460231781	1.0644274	0.0
40	-776.2679	124.828896	-500.84433	-997.3908	200.0	-170.82703	0.00026824645	-170.82655	-170.82758	123000	-5.4677326e-08	16602.46	0.0019876235	97.4245216846466	1.014074	0.0
41	-742.5614	100.934204	-533.46497	-912.14197	200.0	-174.11809	0.0002594543	-174.11754	-174.1186	126000	3.0517576e-08	14452.764	0.002264054	99.81367588043213	0.931452	0.0
42	-780.93677	126.19864	-623.41846	-1029.9482	200.0	-177.35258	0.00024555164	-177.35213	-177.35309	129000	5.531311e-08	16006.744	0.0022856866	102.11526298522949	1.0666581	0.0
43	-806.0981	122.842705	-613.4036	-1024.8069	200.0	-180.62094	0.00022984856	-180.62045	-180.6214	132000	-1.4654795e-07	16735.346	0.001960129	104.46042275428772	0.9618398	0.0
44	-783.6293	130.39886	-625.7523	-1032.7203	200.0	-184.14153	0.00022679886	-184.14107	-184.14197	135000	3.8146972e-08	15033.874	0.0018221741	107.13855218887329	0.9516639	0.0
45	-815.28357	95.11845	-635.0143	-931.4543	200.0	-187.58379	0.00021062564	-187.58336	-187.58421	138000	1.5258788e-08	16138.872	0.0020177998	109.47569608688354	1.0021313	0.0
46	-782.7387	80.156944	-639.7436	-987.1447	200.0	-191.24226	0.00019872311	-191.24191	-191.24268	141000	-5.086263e-09	13722.053	0.0016915664	111.95004987716675	0.9534693	0.0
47	-794.72003	136.83832	-625.2626	-1181.0658	200.0	-194.67534	0.00023264192	-194.67474	-194.67572	144000	-3.4332274e-08	14711.854	0.0020633119	114.16585993766785	0.98080015	0.0
48	-766.5033	111.67797	-582.0675	-940.3877	200.0	-198.21759	0.00019497126	-198.2172	-198.21796	147000	1.1062622e-07	12027.72	0.0020727697	116.68246340751648	0.98096514	0.0
49	-811.65137	129.7167	-623.67194	-1017.46356	200.0	-201.47296	0.000188646	-201.47261	-201.47333	150000	-6.230672e-08	14150.643	0.0021102328	118.9704384803772	0.9452599	0.0
50	-778.72736	100.62438	-646.85004	-958.54553	200.0	-204.93504	0.000181586	-204.93471	-204.93542	153000	2.0345052e-08	11722.35	0.0021469109	121.45160412788391	0.9647258	0.0
51	-783.31274	103.66827	-621.11395	-997.8288	200.0	-208.41267	0.00016786934	-208.41235	-208.413	156000	-2.5431315e-09	11332.934	0.002266684	123.8949544429779	0.9264929	0.0
52	-763.001	127.52103	-617.84326	-996.4137	200.0	-211.83458	0.00017226355	-211.83424	-211.83492	159000	2.2888184e-08	10526.13	0.0022291006	126.34257197380066	0.9957389	0.0
53	-764.9464	80.13423	-620.71405	-878.5683	200.0	-215.16237	0.00016715676	-215.16211	-215.16272	162000	-5.086263e-09	9080.03	0.0018916082	128.66945433616638	0.95879346	0.0
54	-732.40045	113.31007	-624.65265	-1011.5317	200.0	-218.3545	0.00014903002	-218.35425	-218.35483	165000	5.594889e-08	8289.142	0.0018268985	131.4273099899292	0.98055816	0.0
55	-778.4041	140.04657	-602.57837	-1020.8003	200.0	-221.51758	0.00015049556	-221.5173	-221.51785	168000	-1.1444092e-08	9992.932	0.0021881324	133.86730337142944	1.0073266	0.0
56	-691.2582	119.94049	-501.11255	-1023.8951	200.0	-224.73955	0.00013754623	-224.73935	-224.73987	171000	-2.2888184e-08	6383.54	0.0021714042	136.16199827194214	1.0304213	0.0
57	-682.3116	117.42352	-517.28094	-1014.208	200.0	-227.37825	0.00013287972	-227.37802	-227.37856	174000	-1.0172526e-08	5892.39	0.0020102626	138.39344453811646	1.0440476	0.0
58	-730.9955	90.382126	-621.6161	-898.92487	200.0	-229.92226	0.00013510248	-229.92201	-229.92253	177000	-5.594889e-08	6892.3975	0.0020429555	140.83542895317078	0.88574266	0.0
59	-753.1719	142.72946	-496.72128	-1091.4347	200.0	-232.7191	0.00013453575	-232.71884	-232.71938	180000	-4.5776368e-08	8446.528	0.0018649788	143.02020621299744	0.9683893	0.0
60	-808.8005	178.11743	-501.6271	-1150.5702	200.0	-235.82341	0.00013301487	-235.82321	-235.82367	183000	-5.086263e-08	11500.205	0.0023258491	145.24524569511414	1.0851222	0.0
61	-756.85297	149.65825	-619.64886	-1034.6118	200.0	-239.59767	0.00012804448	-239.59746	-239.59793	186000	0.0	7984.895	0.0020691245	147.44127988815308	0.94626147	0.0
62	-708.94653	85.97353	-514.698	-865.29565	200.0	-242.7937	0.00012122625	-242.79352	-242.79398	189000	-2.415975e-08	4770.655	0.0018643306	149.66212272644043	1.017393	0.0
63	-763.0348	124.07992	-507.69366	-1061.5691	200.0	-245.50201	0.00012047359	-245.5018	-245.50224	192000	-3.1789142e-08	7525.4546	0.00214816	151.86058735847473	0.9749297	0.0
64	-715.36	61.472294	-621.0106	-810.8898	200.0	-248.4812	0.00011823904	-248.481	-248.48146	195000	2.7974446e-08	4259.1763	0.0021819633	154.0849781036377	0.93374425	0.0
65	-758.0779	129.45831	-503.76	-1002.9963	200.0	-251.01637	0.000117218886	-251.01617	-251.01662	198000	-7.629394e-09	6374.26	0.0020546382	156.27842783927917	1.0145818	0.0
66	-706.001	114.44147	-500.73993	-864.7048	200.0	-254.03569	0.00012093397	-254.03548	-254.03592	201000	-4.0690104e-08	4288.499	0.0020270834	158.4833471775055	1.040744	0.0
67	-774.42267	99.44479	-623.5596	-937.55585	200.0	-256.39236	0.00011799034	-256.39215	-256.39258	204000	-2.5431316e-08	6043.4272	0.0022872475	160.68717789649963	1.0103219	0.0
68	-688.0812	101.78091	-507.06265	-885.5957	200.0	-259.4194	0.000115000395	-259.41922	-259.41965	207000	-1.5258788e-08	3633.0564	0.0020783567	162.88060474395752	0.9928993	0.0
69	-764.84015	112.87853	-503.58005	-907.06586	200.0	-261.28497	0.00012170483	-261.28473	-261.28513	210000	0.0	5354.468	0.00197861	165.1037118434906	0.9901933	0.0
70	-744.3531	86.82465	-618.267	-870.0979	200.0	-264.458	0.00011584091	-264.45782	-264.45822	213000	2.0345052e-08	4283.26	0.0023194628	167.30988717079163	0.9645926	0.0
71	-758.52924	154.61505	-504.366	-1019.8991	200.0	-267.19034	0.00011825184	-267.19016	-267.19055	216000	6.357829e-09	5747.676	0.0021962589	169.52865052223206	0.99364495	0.0
72	-680.5408	127.691284	-378.3585	-963.35065	200.0	-269.98856	0.00011894289	-269.98837	-269.98877	219000	-1.5258788e-08	3274.864	0.002162237	171.72036123275757	0.97967917	0.0
73	-787.3991	186.11151	-536.39734	-1290.1921	200.0	-272.07535	0.00012724403	-272.07513	-272.0755	222000	6.484985e-08	8114.8027	0.0019389967	173.93725633621216	0.93925315	0.0
74	-756.84357	91.82916	-623.9893	-949.4101	200.0	-275.05585	0.00012132417	-275.05566	-275.0561	225000	8.90096e-09	4162.7935	0.001979503	176.1347737312317	0.9603757	0.0
75	-723.72955	181.42648	-503.83804	-1211.0056	200.0	-277.90878	0.00013713003	-277.9086	-277.90903	228000	3.0517576e-08	5543.927	0.0018795468	178.32879614830017	1.0104694	0.0
76	-727.85156	170.2725	-504.0149	-1149.0726	200.0	-280.0529	0.00013816747	-280.05264	-280.0531	231000	-2.2888184e-08	5322.9688	0.0021865296	180.54646754264832	0.964893	0.0
77	-721.44476	113.21976	-505.56042	-903.22406	200.0	-282.47183	0.00013284555	-282.47162	-282.47208	234000	5.086263e-09	3255.004	0.002075735	182.73737478256226	0.983264	0.0
78	-642.34454	134.47528	-378.81052	-860.7079	200.0	-285.09985	0.00012924234	-285.09967	-285.10013	237000	-1.3987223e-08	2500.9102	0.0019162127	184.95509696006775	0.9510106	0.0
79	-657.2451	145.65005	-451.64536	-898.22406	200.0	-285.5537	0.00015010285	-285.55347	-285.554	240000	-2.5431315e-09	3090.447	0.0021017487	187.14744591712952	1.026821	0.0
80	-722.4486	135.29602	-505.22354	-990.0223	200.0	-286.06213	0.00019886442	-286.0616	-286.06244	243000	2.5431315e-09	3965.8042	0.0022334086	189.3710219860077	1.0310907	0.0
81	-717.75574	255.04402	-385.9841	-1415.8207	200.0	-287.82547	0.00021225994	-287.82498	-287.82584	246000	-1.4623006e-08	8396.804	0.002128749	191.56207871437073	0.9439528	0.0
82	-767.4181	244.1957	-503.9223	-1520.2811	200.0	-290.4601	0.0002422623	-290.45956	-290.46045	249000	7.629394e-09	9204.135	0.0023594173	193.775545835495	0.9874868	0.0
83	-735.8837	165.40382	-432.04172	-956.64276	200.0	-293.36996	0.00035781736	-293.3687	-293.37045	252000	1.5258788e-08	4841.9424	0.0023313637	195.97818160057068	1.0842505	0.0
84	-689.11774	160.23297	-407.21295	-964.54364	200.0	-294.84122	0.0047054836	-294.80798	-294.84317	255000	2.5431315e-09	3563.9785	0.0020834005	198.17033195495605	1.0048603	0.0
85	-606.8487	116.425995	-380.93436	-865.4527	200.0	-283.5543	14.4670925	-245.57977	-296.11298	258000	5.086263e-09	1559.6056	0.0019043947	200.39421463012695	0.97616005	0.0
86	-654.70624	182.08382	-410.91336	-1090.7504	200.0	-270.93738	25.396795	-209.76846	-296.59634	261000	5.086263e-09	2784.2234	0.0022299772	202.5908818244934	1.0126381	0.0
87	-674.88586	99.65752	-502.96567	-905.25134	200.0	-264.09464	28.75973	-200.818	-298.05347	264000	-1.2715658e-08	1635.1917	0.0022150008	204.82752394676208	1.0670494	0.0
88	-799.4649	171.57167	-504.17358	-1093.9512	200.0	-278.4706	23.327984	-225.2999	-299.48856	267000	1.2715658e-08	5262.07	0.0022932997	207.02171993255615	0.9818876	0.0
89	-702.7031	163.46046	-403.11658	-932.067	200.0	-276.98282	24.57268	-228.86826	-303.05493	270000	2.0345052e-08	3113.206	0.0020109513	209.24858927726746	1.0074826	0.0
90	-725.40326	154.33913	-378.6977	-1025.1864	200.0	-279.19882	26.738256	-231.61157	-305.4565	273000	5.086263e-09	2449.514	0.0021299606	211.52887988090515	0.97965276	0.0
91	-578.79877	135.20486	-378.73407	-855.6123	200.0	-267.81287	28.716436	-217.8931	-307.63162	276000	0.0	985.894	0.0020848427	214.1869502067566	0.93458235	0.0
92	-672.2697	145.56233	-496.03326	-1075.1904	200.0	-265.74866	32.233315	-212.72081	-308.2647	279000	3.4968057e-08	2107.0002	0.0021494264	216.77598237991333	0.93824184	0.0
93	-614.8571	89.91701	-499.67355	-815.1085	200.0	-265.74832	32.54291	-211.03857	-309.62906	282000	1.3987223e-08	765.75525	0.002147673	219.1495180130005	0.9776134	0.0
94	-635.86633	189.75125	-375.23117	-1032.4055	200.0	-261.1468	34.14787	-206.55968	-310.09302	285000	3.9418538e-08	2919.3809	0.0018914435	221.52960228919983	1.0013717	0.0
95	-594.9221	149.65134	-392.86032	-1017.4729	200.0	-250.09517	39.776257	-191.28384	-311.55212	288000	-4.927317e-09	1592.2546	0.002230653	223.84748601913452	0.97049993	0.0
96	-597.4385	147.5022	-378.21805	-886.4157	200.0	-237.517	39.02444	-175.32925	-312.48917	291000	7.629394e-09	842.3858	0.002201101	226.56114768981934	0.9528343	0.0
97	-563.8694	156.71408	-379.6612	-1055.0084	200.0	-235.43521	36.841988	-176.74962	-313.29733	294000	-3.3060708e-08	1202.5105	0.0020280338	228.83975505828857	0.9297778	0.0
98	-538.73395	122.25536	-344.04672	-834.1245	200.0	-231.28996	37.66803	-178.9618	-313.9905	297000	0.0	573.5599	0.002162918	231.04677629470825	0.96792126	0.0
99	-573.1506	204.86502	-376.5204	-1052.1625	200.0	-226.64204	39.262203	-167.93028	-314.3746	300000	-2.9246012e-08	3659.104	0.0022897976	233.23535752296448	0.9463425	0.0
100	-644.3558	230.4823	-351.78607	-1052.6492	200.0	-240.31679	50.130733	-163.75452	-315.76404	303000	0.0	3205.6423	0.002168224	235.4490761756897	1.0174583	0.0
101	-512.87823	144.70712	-377.5662	-902.7089	200.0	-210.94287	41.724606	-144.06006	-317.9547	306000	2.0345052e-08	795.28485	0.0022015476	237.6503129005432	1.0009885	0.0
102	-604.10406	250.8173	-253.23558	-1209.5105	200.0	-218.98071	53.253357	-150.6157	-318.89374	309000	2.5431315e-09	3125.9487	0.002294425	239.85873460769653	1.018202	0.0
103	-585.7458	268.06412	-376.2412	-1494.1865	200.0	-211.14828	53.699837	-138.72026	-321.43643	312000	6.357829e-09	5388.1714	0.0023240529	242.03964185714722	1.0005805	0.0
104	-476.6203	120.8092	-374.07135	-788.0022	200.0	-196.91858	42.810837	-138.03902	-325.1439	315000	2.5431315e-09	666.3319	0.002034188	244.2446472644806	0.98954386	0.0
105	-624.2066	385.24127	-378.14856	-1493.2378	200.0	-216.5402	62.085617	-136.08249	-325.78827	318000	-3.814697e-09	8889.57	0.0020742	246.42655205726624	1.0342873	0.0
106	-616.47504	357.17264	-302.1568	-1498.7545	200.0	-206.72514	64.55872	-120.01129	-331.94424	321000	3.1789145e-09	9519.595	0.0023285248	248.60972476005554	0.99988407	0.0
107	-439.67786	222.35995	-128.28117	-1170.3774	200.0	-178.4862	57.48058	-114.13516	-338.58386	324000	2.5431315e-09	1741.787	0.0023532016	250.81835985183716	0.98776793	0.0
108	-350.7911	125.44693	-133.84279	-632.4973	200.0	-155.98032	44.217804	-102.491325	-337.44598	327000	0.0	1305.2349	0.0021921762	253.00020360946655	1.0024885	0.0
109	-347.07306	150.2355	-126.516266	-630.1576	200.0	-143.18158	52.39974	-71.41257	-340.34323	330000	-2.7974446e-08	1024.8563	0.0023201983	255.20473313331604	1.0230538	0.0
110	-371.6795	230.5899	-130.34105	-1049.2433	200.0	-136.04837	66.90199	-67.69758	-340.36838	333000	-3.814697e-09	1388.6398	0.0022958543	257.38935708999634	0.997485	0.0
111	-344.78323	230.82994	-125.018	-1003.4467	200.0	-115.997215	65.373055	-50.054134	-340.929	336000	1.5258788e-08	1138.0103	0.0022669686	259.6015090942383	0.918156	0.0
112	-319.99814	179.47655	-126.53093	-736.7261	200.0	-95.35025	71.48227	-34.620598	-341.6112	339000	1.5258788e-08	1054.0283	0.0023516226	261.7835214138031	0.9726692	0.0
113	-295.99414	215.17528	-1.7627735	-835.98346	200.0	-84.58489	71.99866	-23.818895	-341.5227	342000	-2.5431315e-09	1217.1322	0.0022131174	263.97003412246704	1.0157151	0.0
114	-456.9859	467.97943	-3.2890646	-1496.1783	200.0	-104.05388	118.45087	-19.568766	-341.8979	345000	-5.086263e-09	8267.6	0.0021419262	266.1798062324524	1.0003356	0.0
115	-276.64493	176.02467	-125.11949	-611.5074	200.0	-57.29394	77.10418	5.1416025	-348.9779	348000	-4.7683717e-08	387.7606	0.002229741	268.3629500865936	0.9680879	0.0
116	-209.84427	160.09998	-1.5400938	-656.5233	200.0	-32.32007	57.00056	23.380878	-347.9152	351000	-1.2715657e-09	103.82716	0.0020830927	270.5745499134064	1.0520359	0.0
117	-293.07962	342.09763	-123.88933	-1492.0123	200.0	-49.89597	93.652405	5.3626375	-349.7845	354000	2.6067097e-08	5195.431	0.0024151711	272.75920391082764	1.0122765	0.0
118	-276.43646	189.27478	-3.5747168	-697.6784	200.0	-47.433567	83.3029	-0.042179108	-353.51706	357000	-1.0172526e-08	723.2025	0.002062901	274.9701180458069	0.94960177	0.0
119	-313.91364	360.91635	-3.5504072	-1426.3923	200.0	-49.384926	95.987144	14.39978	-353.6388	360000	3.0517576e-08	2141.4792	0.00211347	277.1541724205017	0.9500026	0.0
120	-220.40927	177.5511	-1.6691419	-643.83563	200.0	-30.45925	66.29848	5.3858953	-356.23032	363000	-3.0517576e-08	125.672516	0.0022115277	279.3515737056732	1.0666364	0.0
121	-217.59792	106.298904	-120.899055	-383.60757	200.0	-25.288925	54.059444	4.942425	-315.56155	366000	3.0517576e-08	50.634842	0.0020421203	281.5441505908966	1.0428529	0.0
122	-335.77167	354.749	-3.146208	-1491.9049	200.0	-52.752934	98.12525	2.970059	-356.62073	369000	-7.629394e-09	6611.2173	0.0021138943	283.7308716773987	1.1724912	0.0
123	-277.43283	214.94081	-2.9877357	-769.8668	200.0	-50.529427	86.57626	-0.685688	-361.1229	372000	1.1444092e-08	1907.4307	0.0021575494	285.9411997795105	0.9703967	0.0
124	-350.8223	398.76062	-5.1755166	-1491.7664	200.0	-63.730457	117.81133	-1.0943546	-360.77557	375000	0.0	4487.08	0.0023061603	288.1247477531433	1.1116452	0.0
125	-220.04634	157.00615	-3.2331038	-530.10425	200.0	-29.42353	64.64665	7.82624	-360.69742	378000	-1.0172526e-08	192.20671	0.0019266319	290.3386354446411	0.96684253	0.0
126	-199.59511	187.53464	-3.1199207	-672.5939	200.0	-25.816511	66.97695	14.579955	-366.52124	381000	2.5431315e-09	111.29512	0.00201459	292.5257751941681	0.9954322	0.0
127	-204.96875	146.0752	-6.166375	-518.69574	200.0	-25.816933	65.2732	5.8686295	-363.31458	384000	0.0	159.72162	0.0019145904	294.7333586215973	0.99791616	0.0
128	-268.1688	210.43028	-2.2545793	-672.01965	200.0	-33.907715	72.47435	5.613749	-359.64627	387000	-5.086263e-09	291.58405	0.0022732154	296.9207785129547	0.9951399	0.0
129	-277.4594	144.37576	-125.80792	-627.8035	200.0	-35.540504	75.246254	18.173157	-366.26508	390000	-7.629394e-09	223.75194	0.0019961824	299.1080639362335	1.2554742	0.0
130	-287.6073	263.46823	-3.021498	-989.961	200.0	-40.064983	86.48419	14.7803135	-365.19186	393000	-7.629394e-09	397.35794	0.002112429	301.3534200191498	0.91166806	0.0
131	-246.35033	193.01459	-3.5794578	-781.9459	200.0	-32.334187	75.40073	4.968952	-367.78726	396000	1.0172526e-08	179.64401	0.0021923922	303.5464358329773	0.99270844	0.0
132	-250.34947	238.44583	-2.250273	-923.1033	200.0	-33.36463	78.69398	18.322285	-367.4218	399000	1.1444092e-08	282.5911	0.002134467	305.75253653526306	1.0310466	0.0
133	-220.91385	190.42703	-3.4780085	-833.93805	200.0	-27.575026	68.93194	3.9977632	-368.91647	402000	-5.086263e-09	162.53534	0.0022890605	307.93493938446045	0.8773931	0.0
134	-251.20947	343.94473	-2.656665	-1494.7917	200.0	-40.27721	97.05709	11.1406555	-369.31506	405000	-2.4795533e-08	3766.389	0.0020360807	310.14600253105164	1.0457748	0.0
135	-197.48483	163.07889	-3.2964149	-545.8866	200.0	-25.521301	67.453186	12.116644	-372.757	408000	0.0	143.17421	0.0020801618	312.36396503448486	0.9436829	0.0
