Epoch	AverageEpRet	StdEpRet	MaxEpRet	MinEpRet	AverageTestEpRet	StdTestEpRet	MaxTestEpRet	MinTestEpRet	EpLen	TestEpLen	TotalEnvInteracts	AverageQVals	StdQVals	MaxQVals	MinQVals	LossPi	LossQ	Time
1	19.181871	20.822891	206.81116	5.6657233	38.71235	0.7788995	40.555428	37.20155	22.647728	22.0	3999	13.220069	11.105294	76.691826	-21.843637	-15.505778	1.3881052	9.945130348205566
2	17.402693	12.076563	71.56319	5.4475203	11.098303	1.6679611	14.697544	9.580194	21.564516	12.9	7999	82.14589	39.12593	197.2416	-78.17467	-92.114815	24.285288	23.013142824172974
3	38.282944	53.04382	226.97351	5.475645	175.46848	3.6067224	180.57014	170.95749	30.30303	90.4	11999	218.73727	75.21617	368.28302	-169.33965	-238.61235	163.31943	36.70080518722534
4	147.51314	35.346127	181.46739	58.41027	110.917076	40.832035	164.0732	73.11036	79.918365	66.3	15999	281.60803	81.93851	411.92145	-168.27193	-296.04214	221.74875	51.28597140312195
5	27.840965	73.838196	363.16037	-2.5322866	202.82858	76.75854	278.72516	105.73469	32.408	98.4	19999	340.29187	116.688835	704.5015	-274.31564	-360.99924	385.89053	64.81004643440247
6	239.42094	99.26491	465.01328	72.562096	226.65862	78.03132	393.63785	107.62639	134.86208	165.6	23999	471.06488	148.8826	892.20215	-261.673	-498.078	627.857	78.40686416625977
7	204.8522	89.69506	501.8411	89.55992	369.9775	175.3278	728.18744	193.16116	123.69697	230.0	27999	572.726	162.93442	898.5974	-290.36588	-598.09406	849.5358	92.19140958786011
8	194.11154	254.11244	944.2424	3.8014138	256.60403	64.47233	378.6274	179.66359	126.03226	114.6	31999	617.8604	165.88835	879.6672	-366.89935	-639.99835	901.0752	105.72784948348999
9	324.2559	163.67047	779.52136	11.410183	470.12662	274.56702	1054.6561	226.34909	185.72728	222.5	35999	632.2327	179.63994	963.8678	-794.3159	-654.03345	892.7442	120.02767872810364
10	422.57715	202.95102	766.59393	68.980995	791.2435	112.2398	1058.6749	618.4149	182.5	341.2	39999	661.04254	197.18062	976.4377	-544.8021	-682.53015	853.712	134.38540196418762
11	349.54153	178.17268	712.4474	73.313866	653.06866	220.39607	999.6686	335.88174	203.42105	313.2	43999	678.2081	205.98926	919.53326	-695.00964	-698.35724	793.0165	148.71086049079895
12	305.38	250.09387	1022.94055	78.21675	361.4742	194.39143	654.6152	70.39169	242.0	203.2	47999	682.56537	204.52287	933.22	-593.19666	-701.71185	780.52625	162.8665361404419
13	281.81912	212.2549	809.2674	63.85845	385.46716	340.5605	1053.5537	140.52219	210.10527	348.3	51999	692.81494	202.3317	931.2317	-582.64154	-711.77106	767.98444	177.11269760131836
14	333.57953	255.5624	1039.8634	62.150368	351.7829	62.782272	421.93253	178.068	190.95238	140.2	55999	697.6875	194.4737	918.2502	-625.50916	-715.352	752.069	190.71859645843506
15	232.62505	216.4211	1008.28766	115.56061	438.975	99.96711	664.73987	351.92856	119.0	179.8	59999	683.23334	195.41527	901.13635	-682.0117	-699.77155	720.3838	204.6840443611145
16	380.93146	205.56038	851.39014	135.67612	324.6677	229.98038	906.9469	59.113678	159.52	193.7	63999	669.54803	202.53305	888.65265	-405.9549	-685.42	653.4597	219.10635328292847
17	654.76575	321.53082	1115.6467	215.65909	562.91766	178.09964	694.8909	292.0988	534.4286	208.7	67999	665.2495	198.37347	895.2251	-582.3914	-681.0148	650.3818	233.24976778030396
18	628.20245	330.7369	1306.2987	230.96877	343.98672	248.26859	789.3784	170.88976	301.42856	160.0	71999	664.379	190.0476	887.6125	-478.78717	-679.07153	594.5197	247.2965829372406
19	490.28033	340.54904	1240.5731	35.48476	453.54248	65.92187	560.1045	389.31366	202.6	192.0	75999	664.2747	185.31561	924.19916	-599.8311	-678.73254	604.13574	261.4773256778717
20	397.36752	186.45734	839.32886	150.65387	459.1185	267.11005	900.0584	217.95311	166.08696	176.2	79999	661.83636	182.0202	917.55786	-549.30426	-675.3781	576.85864	275.6089246273041
21	414.0151	259.7598	1064.9629	38.663723	450.59384	260.12946	697.81915	40.83738	159.6	161.3	83999	649.2872	181.7052	889.73004	-509.57648	-662.0481	563.71564	289.684522151947
22	540.8913	188.10922	745.03625	99.71001	401.6459	211.40099	671.47107	189.92545	207.8	164.5	87999	634.3668	183.22768	886.1541	-411.81345	-646.5185	477.29242	303.79383635520935
23	516.6781	279.68494	1019.30225	31.70523	712.7928	200.43198	820.8231	115.82398	222.77777	299.4	91999	615.51434	180.82826	863.318	-416.62344	-626.8491	448.267	318.36536169052124
24	469.24075	471.00296	2080.3362	90.10824	455.98715	269.35062	1018.36066	98.99093	228.88235	269.5	95999	598.6434	174.82101	824.5045	-391.4483	-609.0668	422.41345	332.8153350353241
25	207.63983	229.20189	916.8053	21.110981	644.9962	621.4243	1941.8972	155.43286	118.76471	378.6	99999	581.5054	166.9967	788.9654	-500.78674	-591.5335	420.07468	347.6927194595337
26	413.69333	195.14041	799.53156	155.58487	743.72644	768.30084	2359.2424	256.318	230.29411	336.1	103999	566.7516	158.47482	760.80273	-404.5958	-576.2496	439.63046	362.454806804657
27	401.26877	503.87973	2505.2747	130.301	152.86353	4.1247573	157.92671	145.16858	177.43478	77.2	107999	550.3817	151.61815	733.8327	-369.0095	-559.3683	422.76306	376.30301213264465
28	451.16434	394.00214	1574.4092	140.77824	517.1314	285.38907	891.5073	64.33311	184.80952	206.5	111999	536.60626	150.7247	774.854	-363.8881	-545.37555	396.1077	390.5242462158203
29	287.58893	291.57797	1241.9629	62.288296	194.3204	12.904208	208.4595	168.35313	118.911766	86.5	115999	527.00726	153.73654	809.3978	-568.8234	-535.83777	421.1506	404.0118055343628
30	479.83423	381.58365	1071.1077	6.5370965	912.1703	98.57953	1088.0348	800.5221	168.20833	293.9	119999	521.0051	159.83661	833.7533	-369.62357	-530.0707	421.60608	418.6195583343506
31	790.3645	406.68146	1488.3186	41.293888	1805.8545	1044.3262	3074.7222	601.483	268.92307	624.7	123999	522.522	160.40536	831.87897	-445.76224	-531.6533	400.87463	434.34182500839233
32	1475.2153	547.2531	2470.0166	632.98755	705.9403	267.23773	1507.2241	603.6924	520.75	304.0	127999	526.1015	159.2322	805.5735	-353.7039	-534.9494	403.8215	448.9326362609863
33	1381.9287	778.68317	2896.4536	71.80274	1063.4733	472.85208	2161.7207	352.4311	490.375	475.3	131999	524.7911	156.36717	751.9688	-354.01184	-533.34216	381.58157	464.1347689628601
34	368.09378	389.6198	1627.5981	16.668749	228.3898	6.490438	237.38382	218.50479	174.46153	153.9	135999	521.45374	152.02347	738.4387	-445.21783	-529.6755	365.4533	478.2051136493683
35	554.7141	362.92328	1536.267	248.77902	493.96832	202.81432	910.86646	196.59842	290.69232	181.9	139999	509.97775	149.33897	700.03436	-297.66983	-517.35046	340.5833	492.3910400867462
36	542.3971	413.06342	1852.8088	163.79329	311.067	63.18238	423.99475	237.60619	231.11111	135.9	143999	496.86813	147.28627	700.0335	-347.38416	-504.30887	304.37585	505.9882712364197
37	409.22742	216.63791	1219.082	261.68314	463.01495	254.0852	951.82367	260.72238	199.94444	241.5	147999	489.8232	143.77498	668.911	-335.65854	-497.07352	300.78357	519.8516192436218
38	1026.3944	608.622	1875.6373	54.60866	1316.1868	778.3584	2454.889	293.6991	373.08334	529.1	151999	480.8064	142.01735	657.97156	-344.99176	-487.6958	285.41205	534.7311601638794
39	758.7253	382.5119	1533.24	216.77786	186.83752	12.227597	206.74384	168.51202	305.15384	97.3	155999	473.21713	140.06262	649.39636	-347.02585	-479.90143	299.00702	548.123292684555
40	782.68567	460.5988	1799.3938	37.270573	2253.8442	385.9627	3024.6536	1788.0907	271.69232	760.8	159999	467.43552	140.0195	662.57983	-478.49435	-474.0725	275.86703	563.9714560508728
41	1120.282	490.02188	1832.4008	291.02115	910.2167	707.9942	2804.3108	476.9481	400.45456	356.7	163999	463.4888	139.83907	652.68744	-434.0897	-470.07962	265.28116	578.6085138320923
42	931.2835	733.8108	2493.7666	58.04413	595.5211	356.94962	1622.0942	423.26907	373.8	229.9	167999	463.37708	134.84747	636.4272	-428.41245	-469.83813	252.39668	592.8414313793182
43	1228.106	292.93564	1662.0261	601.22046	1547.7994	179.93541	2027.1361	1427.1777	460.75	479.2	171999	459.04205	131.5152	631.6233	-325.7107	-465.10037	238.75993	607.9474654197693
44	1157.2278	665.2381	2445.5298	366.01083	174.50912	200.08519	774.51013	97.8834	440.3	93.6	175999	452.40323	129.20308	597.95355	-367.99313	-458.4233	236.73235	621.6616270542145
45	895.06256	741.61237	2550.0596	93.31476	1228.5222	667.5933	2330.9753	518.44696	485.875	542.0	179999	447.33972	125.80101	589.80853	-363.50775	-453.18637	223.8882	637.0849139690399
46	833.32416	573.2315	2116.8433	75.34107	504.69205	283.73215	1090.1506	220.1521	333.84616	195.1	183999	441.36325	124.06543	578.7148	-323.02988	-446.89066	201.75581	650.8562316894531
47	537.12616	400.90564	1179.9442	41.272804	261.6125	286.70258	1107.5942	110.04115	199.5	135.8	187999	436.6312	123.56499	590.5567	-285.5149	-442.25333	220.255	664.423572063446
48	529.6403	480.3472	1886.1199	88.621346	492.9721	160.7552	798.0256	235.2784	221.05556	216.4	191999	433.83145	125.363	612.2509	-347.93024	-439.28995	226.82959	678.2754898071289
49	516.9295	483.16098	1299.9258	25.200584	770.28674	298.34756	1524.3665	388.97284	219.47058	313.1	195999	432.00836	123.94547	600.6354	-349.2709	-437.44202	228.64847	692.4276797771454
50	1500.1919	823.64716	2901.4978	266.83795	416.13605	488.6624	1842.9674	189.74866	519.125	189.1	199999	430.81277	122.951775	594.4465	-435.3913	-436.2475	206.90154	706.087007522583
51	1667.7649	639.23114	2843.383	639.47876	1777.6484	440.90607	2557.9377	1086.8054	577.8571	584.5	203999	427.36032	121.46096	578.07983	-463.79855	-432.36032	198.05708	721.3204920291901
52	1472.0535	999.00165	3022.5745	277.9292	2330.3591	929.3745	3114.289	286.71317	507.75	765.9	207999	422.1196	119.37886	560.14844	-562.6298	-427.00504	187.64558	737.4748735427856
53	1103.4314	846.445	2968.1284	243.08939	1438.2427	1051.5295	3099.36	281.0445	394.7	510.1	211999	417.62347	118.23523	549.4449	-270.38486	-422.44952	182.3127	752.779422044754
54	1010.2272	424.8559	1706.7324	275.64276	1481.179	604.5901	2935.1738	641.77875	362.54544	504.0	215999	412.9835	115.74102	548.8224	-356.60007	-417.69113	174.52112	768.1113398075104
55	1246.7634	492.7884	1984.0393	128.9175	1294.2627	485.33884	2376.5032	824.8709	409.6	413.2	219999	409.713	114.06376	548.7871	-322.83987	-414.37207	186.0612	783.082909822464
56	1027.6129	284.1615	1417.616	550.5348	1792.5701	805.03546	3021.6008	1080.6277	342.3	600.7	223999	407.57272	112.05014	538.95605	-321.46198	-412.13724	170.78096	798.7106423377991
57	1804.7726	995.2438	2977.994	264.13687	2112.4993	512.63794	2961.0913	1373.5903	617.4286	700.1	227999	407.5766	110.32776	530.8227	-296.1672	-412.1373	159.18724	814.6839592456818
58	1372.1124	791.2328	2799.121	179.38353	1767.8217	669.4642	3193.4429	683.49164	478.8889	591.8	231999	405.58383	109.48477	533.1494	-213.80681	-410.02213	163.84372	830.3474040031433
59	1237.0864	400.62723	1990.8849	384.09042	1837.4066	1018.62024	3023.1074	438.67252	402.77777	633.5	235999	401.4216	108.557594	522.31006	-325.1989	-405.74142	164.22131	845.8699114322662
60	2146.631	631.3618	2960.569	881.96844	2661.6714	761.0763	3246.855	669.5974	709.6667	835.4	239999	399.3946	107.334785	525.83997	-390.58432	-403.63806	149.81355	862.2430927753448
61	1366.5515	836.3138	3096.1318	386.84402	533.98	35.11895	625.0508	497.19525	452.5	185.0	243999	397.5398	105.80763	510.69165	-329.31882	-401.698	144.59044	876.3760693073273
62	1285.7603	712.11334	2521.5	215.21245	1219.5239	382.36414	1997.8547	711.86957	427.6	372.8	247999	394.98407	102.88656	505.03253	-403.55585	-399.01218	148.21744	891.1964983940125
63	1261.763	443.58762	2325.4868	842.00037	1172.5803	452.9912	1864.051	498.68512	399.1	365.3	251999	390.22372	101.45811	507.36734	-223.96959	-393.96655	130.61832	905.9721255302429
64	1055.7925	505.19965	2102.0432	269.0957	521.9909	116.77114	661.268	336.65317	341.5	173.2	255999	386.86877	101.16852	511.54688	-325.70563	-390.71143	132.76064	920.0680730342865
65	876.0633	697.5689	2773.3298	153.16974	1297.2622	255.94585	1795.952	923.01385	285.2143	401.5	259999	385.45963	100.46876	507.39862	-356.06686	-389.234	127.61872	934.984052658081
66	1151.6093	497.28674	2130.006	212.50414	2292.0942	608.0799	3162.4275	1492.0016	368.45456	719.6	263999	382.8903	99.28513	500.55054	-369.05374	-386.52567	135.77228	951.0896098613739
67	1264.73	846.6903	3185.7563	225.30959	1937.8926	379.5174	2520.6487	1533.4177	407.3	593.3	267999	383.6452	100.372284	506.6556	-250.95012	-387.4734	128.57896	966.4931838512421
68	1383.4777	621.39276	2328.2444	217.7599	469.36517	263.66943	786.62683	142.74092	437.1111	169.3	271999	385.333	100.82159	503.5269	-247.5756	-389.0685	133.55981	980.201550245285
69	896.11975	523.7746	2294.0012	107.337135	2325.3865	698.65216	3060.0435	1397.7122	290.5	772.4	275999	386.3987	99.635895	500.191	-419.70804	-390.22308	127.88396	995.8961107730865
70	1743.6376	641.9199	3179.4597	971.1752	3061.7427	127.807106	3205.0898	2852.8867	554.1429	1000.0	279999	387.59485	99.15052	494.67648	-353.1538	-391.32648	128.07036	1012.3739609718323
71	1296.0072	780.6675	3196.0789	274.9387	1099.6417	958.5203	2675.0583	140.04918	404.9	363.8	283999	386.71484	99.160774	506.03876	-268.0374	-390.3248	130.33238	1027.1192121505737
72	887.5227	740.98114	2992.2778	101.344765	404.81354	81.86586	571.98035	283.6498	307.58334	160.0	287999	387.6043	100.4398	518.7038	-269.98947	-391.37582	134.45482	1041.2627446651459
73	1087.1285	969.44855	2873.9666	156.48923	156.02563	23.99322	198.19373	125.39764	366.08334	80.1	291999	389.82584	100.08373	509.46063	-237.18797	-393.59595	128.95125	1055.116919517517
74	259.93253	228.62411	1408.5627	56.92237	323.4354	103.23425	591.1082	254.99245	109.638885	121.3	295999	389.19864	98.99663	503.67343	-295.58093	-392.85687	132.80914	1069.0775744915009
75	612.55756	470.57416	1625.683	64.66231	2109.3313	913.82214	3147.972	290.50656	202.6842	670.7	299999	386.952	98.981834	492.8494	-258.754	-390.5962	131.86232	1085.046303987503
76	1128.9985	638.8411	2061.6714	76.63421	657.33044	59.332054	747.1721	593.6034	362.9091	250.2	303999	385.53433	99.36696	504.5016	-247.04828	-389.1822	131.61308	1099.46479678154
77	1112.733	319.30142	1655.1128	594.0263	987.71954	0.32272005	988.3145	987.31854	380.9	1000.0	307999	384.32208	100.83346	502.276	-240.66042	-387.9103	125.168434	1116.736662387848
78	1011.807	738.48157	2438.7664	127.743126	1340.3845	833.76996	3000.4211	402.93372	531.375	866.6	311999	383.70224	100.690765	504.74295	-289.6502	-387.2795	127.557594	1133.0139818191528
79	827.20276	789.9715	2542.451	154.98685	140.59796	18.682125	172.02432	126.37114	297.81818	73.6	315999	384.9044	100.59376	501.82788	-264.16602	-388.48276	125.46854	1146.286371231079
80	785.7408	1018.235	3228.4253	95.067795	324.11688	206.53123	900.4125	42.94336	278.35294	151.5	319999	386.51767	99.91314	510.61942	-359.05945	-390.12726	140.84464	1159.8170313835144
81	1069.8137	1056.4242	3112.6511	50.304913	2842.5923	543.04706	3179.9663	1641.6425	373.0	905.1	323999	390.17316	99.6027	511.46115	-393.5886	-393.8756	135.33348	1175.89391040802
82	1039.8032	955.06287	3130.6223	99.65652	928.72217	7.976219	943.56616	915.5164	432.1	1000.0	327999	393.23407	99.75706	516.71436	-511.83646	-397.08426	141.30705	1192.345435142517
83	1014.7625	946.66254	3054.7903	244.72878	1294.8749	898.7118	2609.9558	277.75858	393.0	437.4	331999	398.0448	100.69895	522.8715	-266.2539	-401.77902	137.97256	1206.870846748352
84	793.7129	700.88916	2308.6973	134.4426	1248.2186	584.81903	2343.7927	446.31143	298.23077	439.7	335999	396.33505	99.06874	524.3219	-264.0415	-399.94608	145.07857	1221.5724682807922
85	913.6215	554.4434	1994.5846	89.646866	124.05385	289.79852	993.4423	24.943937	300.84616	49.1	339999	396.43176	99.65984	538.17004	-271.4953	-400.08	135.95393	1235.1460049152374
86	1195.5818	868.16254	2901.2786	27.06288	1653.7141	1301.0631	2972.5955	316.91437	406.8	592.6	343999	396.32684	100.59389	543.1752	-258.29758	-399.84903	130.62521	1250.513683795929
87	1025.1278	724.0169	2122.4702	114.23598	2245.4663	1264.5297	3108.6392	311.4297	346.9	747.5	347999	396.2497	101.6809	542.7883	-274.47794	-399.79932	138.0167	1266.5939586162567
88	2116.719	992.31396	3154.5696	374.29053	2622.3079	934.0428	3148.1792	756.19434	687.0	852.3	351999	396.05692	103.32548	521.11475	-235.05858	-399.51538	136.06046	1283.0252449512482
89	1103.4137	761.00745	2450.7292	296.24588	1063.8761	489.133	2059.1	577.23737	363.36365	341.1	355999	395.6317	102.3813	527.4995	-203.12093	-399.14972	144.57137	1296.9824697971344
90	993.543	717.38354	2940.0808	47.48242	1138.9623	1105.2631	2932.0835	69.87278	334.0	359.1	359999	395.57336	102.87662	517.3688	-331.47635	-399.00656	132.25925	1310.4592471122742
91	1553.8319	1045.584	3175.453	82.25533	1463.6182	1131.5515	3204.1885	377.38593	487.125	470.1	363999	394.1063	102.308205	513.80475	-344.26785	-397.42242	130.92366	1324.310483455658
92	1750.9951	529.59515	2378.2737	765.4682	2659.198	607.2879	3111.3276	1387.2365	557.6667	864.3	367999	393.3902	102.8032	515.08746	-327.79	-396.79056	132.1774	1339.484133720398
93	1556.7571	693.47986	3081.0198	910.13995	2187.9868	988.97626	3239.787	454.07217	501.625	686.1	371999	394.78214	101.68233	519.1836	-228.62143	-398.20416	130.19894	1354.0395317077637
94	1828.0978	1124.187	3115.1606	651.87177	3172.8354	167.03679	3286.157	2813.3542	584.8571	958.5	375999	396.21295	102.14224	517.8103	-261.78775	-399.5924	130.28218	1370.6158192157745
95	1972.4169	934.35126	3141.1077	913.6466	1548.2288	661.79224	3275.631	1059.6132	622.0	486.0	379999	397.75073	101.943184	511.3575	-227.20602	-401.1345	131.96587	1385.8051528930664
96	1905.9064	1069.0138	3104.646	476.91864	3203.0657	40.655025	3271.6152	3126.416	613.0	1000.0	383999	396.55392	101.23641	525.9087	-289.1046	-399.80054	129.31438	1402.877866268158
97	2437.4998	867.9991	3136.677	819.11334	2534.1372	1020.7182	3258.8271	287.72177	756.0	785.9	387999	394.98376	100.01106	498.6252	-284.00357	-398.29367	129.29907	1419.181233882904
98	1540.9401	666.3228	3164.9775	965.82776	2528.1104	740.19617	3362.3499	1429.0237	469.55554	737.4	391999	394.06528	98.35224	503.19403	-251.46552	-397.26675	120.770256	1435.2474436759949
99	1854.3064	950.2189	3303.5513	935.5662	2970.266	399.27042	3208.3416	1829.2606	578.5714	945.9	395999	390.76532	97.49804	502.4161	-243.00095	-393.92593	120.27686	1451.7860066890717
100	1450.9508	1105.0985	3335.35	432.22794	1787.9391	942.20026	3149.6855	509.23764	450.0	574.3	399999	391.60583	96.04583	500.39075	-395.46634	-394.923	120.9013	1467.196316242218
101	1101.7784	351.027	1862.2515	592.2508	1016.888	473.85065	2141.9473	421.35434	358.45456	353.9	403999	391.40076	96.4871	499.82492	-257.43076	-394.48105	115.08566	1481.8680629730225
102	1613.7346	1000.74927	3185.3582	526.3645	2275.373	634.8563	3179.5312	883.49084	500.0	730.2	407999	387.04575	95.985016	482.2853	-340.10458	-389.93	116.278	1497.872303724289
103	1148.3335	724.2264	2630.1262	111.030624	2928.3066	32.7028	2985.4985	2886.574	365.45456	1000.0	411999	384.02792	93.4398	496.8699	-397.33838	-386.89038	117.751015	1514.8634757995605
104	1311.5673	785.8764	3108.0803	141.8405	1104.9231	355.72525	2101.4504	804.2689	402.5	332.5	415999	381.44263	92.61938	485.03958	-257.21445	-384.3499	106.997505	1529.5010166168213
105	950.06195	330.43524	1465.468	226.98303	1029.9856	52.60166	1178.5813	963.892	295.84616	314.1	419999	381.79272	93.27432	519.1134	-335.28973	-384.80447	111.19119	1543.9875926971436
106	874.2087	529.45935	2009.781	34.897655	951.0094	655.27106	2416.8672	173.01503	267.73334	295.9	423999	381.2526	94.55386	494.28333	-258.4074	-384.09634	114.6715	1558.2348778247833
107	986.60583	565.0276	1765.3225	130.67674	520.56244	435.4882	1574.7572	184.10777	303.0	181.0	427999	383.89557	95.48762	628.893	-260.48624	-387.17523	114.1381	1572.1413295269012
108	443.71664	278.3698	1020.46515	20.74097	184.88147	264.56232	939.58844	48.78429	164.5	193.0	431999	410.49463	113.153534	766.4005	-310.41293	-416.28302	163.13582	1586.1136646270752
109	748.5259	334.2729	1180.8402	85.564285	845.0786	683.13727	1967.4274	243.1836	577.1429	416.4	435999	486.42175	143.51471	782.123	-384.79376	-495.181	254.26744	1600.81054353714
110	1324.6514	973.1447	2603.583	207.32956	2113.0632	639.9874	2926.789	808.684	548.3333	739.5	439999	540.3079	152.516	771.61804	-333.19455	-546.391	293.7083	1616.450719833374
111	2166.0476	966.4423	2867.5837	178.52217	2340.9036	805.1679	2920.8381	933.5187	782.3333	808.3	443999	539.5052	146.5592	729.88434	-285.47504	-544.49225	272.0908	1632.342563867569
112	2328.4387	883.3314	3089.3013	896.3289	1515.9535	737.83014	3173.6716	471.94315	767.4	489.8	447999	533.96893	143.48967	702.312	-394.82373	-538.892	245.51657	1647.1374666690826
113	1540.9688	1018.1176	2866.1545	103.18366	745.5016	794.84375	2620.0244	133.71233	520.5714	319.2	451999	530.60815	140.02797	689.63196	-500.99365	-535.55005	251.1398	1661.2427260875702
114	2193.602	1060.265	3111.2783	418.68582	453.42218	108.35233	734.4438	327.35846	756.6667	185.2	455999	524.90875	131.49455	689.4094	-424.48438	-529.508	226.75397	1674.9647674560547
115	622.7588	456.68848	1787.845	56.820885	230.93063	17.273642	259.61823	199.29633	245.4375	119.4	459999	517.90234	130.86841	695.1514	-392.05466	-522.47784	221.44498	1688.4144642353058
116	917.20416	829.92896	2741.218	244.07713	2233.1987	1263.602	3349.7766	569.789	335.54544	699.5	463999	508.7356	130.11545	653.5653	-688.9196	-512.91626	224.47853	1704.0978257656097
117	795.64905	749.45996	2489.9653	85.08368	1401.3666	322.64166	2067.8535	916.07996	284.13333	400.8	467999	497.84543	128.71382	641.6976	-321.25226	-501.83786	219.37314	1718.9490973949432
118	1766.5115	772.3088	3179.173	531.5807	1587.2751	883.72186	3192.2717	555.2035	540.7143	516.9	471999	486.68228	125.858734	620.9213	-294.22458	-490.54123	197.6569	1734.1919310092926
119	1528.4459	751.00793	3042.1426	683.2931	2816.609	421.41888	3129.4849	1961.7944	502.125	906.8	475999	480.5375	121.933266	594.63855	-226.26958	-484.5748	185.09999	1750.7815189361572
120	1782.7482	893.83124	3119.8691	324.2073	702.7441	634.0333	2024.0718	116.684586	586.3333	243.8	479999	473.04147	118.38407	602.78174	-313.05823	-476.74756	181.19441	1765.0572516918182
121	982.93414	840.85077	2605.8176	120.856865	2259.2273	539.13403	3239.8662	1453.5051	320.85715	702.9	483999	464.2665	114.641266	591.6372	-203.77077	-467.74243	176.20456	1780.9309005737305
122	1653.9639	552.13385	2768.2505	994.1741	1183.1189	256.24594	1683.6843	857.1449	523.375	371.1	487999	453.64832	112.07021	570.44507	-411.51694	-457.0669	169.64066	1795.669041633606
123	1156.273	807.5885	2982.5432	396.258	1977.0677	1143.975	3209.5266	306.79898	383.3	639.7	491999	444.7181	109.13912	593.49756	-247.74455	-448.02954	157.76077	1811.3506021499634
124	1388.7723	813.60406	3065.9148	226.29488	1842.3965	996.37744	2885.314	382.28403	465.25	639.8	495999	445.43	115.07953	685.33264	-254.71954	-449.51544	165.05943	1827.006044626236
125	847.1113	868.9584	2662.6746	19.097288	1489.7654	719.9605	3384.7727	487.28058	323.7143	441.6	499999	466.1496	126.751465	694.33594	-301.69867	-471.467	206.31442	1841.5358564853668
126	432.57318	618.6331	3204.0803	64.852646	1036.3113	796.9943	3419.858	685.3533	142.89285	304.9	503999	488.36584	131.35226	659.65234	-212.82628	-493.33618	213.85297	1855.6209061145782
127	1167.6123	361.58475	1982.63	771.49756	805.3552	258.4192	1337.4126	498.0159	363.9	330.7	507999	489.58975	128.28638	664.41626	-418.5393	-493.66846	222.93483	1869.8443381786346
128	1195.6367	726.04175	3174.354	503.60355	2101.8564	470.0738	3128.1267	1640.7667	400.27274	653.1	511999	479.38693	125.23937	622.0083	-522.6204	-483.0112	188.57076	1885.7220380306244
129	1182.2395	866.97974	2738.1812	75.8726	1791.0355	876.7264	3062.3145	780.02	383.625	615.1	515999	468.1394	120.388596	619.2582	-354.22607	-471.5959	186.2166	1901.1318056583405
130	1645.1608	1132.2716	3079.885	40.156002	1273.2784	1260.3881	3225.1458	257.45828	539.25	434.7	519999	456.37317	115.727715	604.5615	-308.27484	-459.73325	179.53415	1915.8317744731903
131	1420.3185	628.8895	2817.0664	600.01245	1112.322	615.7182	1954.1417	267.37415	439.3	371.5	523999	449.09076	113.1212	574.4784	-525.8375	-452.4823	164.87465	1930.2100918293
132	1683.4739	731.79285	3357.8762	1088.8701	1471.5906	469.1022	2338.0537	935.096	526.5714	480.4	527999	440.08252	111.11564	558.06555	-385.37106	-443.10596	154.88304	1945.1999163627625
133	1173.8169	692.3842	2813.1733	261.9853	19.677336	0.17019975	20.016268	19.385508	368.16666	14.0	531999	428.25687	107.66059	551.9579	-273.96594	-431.11313	153.87254	1958.7459890842438
134	1979.0563	1222.0525	3474.1938	871.7366	1279.6755	1098.1912	3369.338	248.69226	588.5714	405.1	535999	420.16867	104.67302	551.1336	-213.23468	-423.12674	143.91371	1973.703848361969
135	1963.848	1141.0839	3286.3037	237.77132	935.12384	514.1654	1934.1476	485.84784	584.5	303.5	539999	417.3151	104.99842	545.89124	-269.09885	-420.35736	145.96768	1988.2938549518585
136	1691.5042	1026.3535	3253.6377	10.798371	460.23526	268.40872	1198.1816	326.32227	526.0	181.7	543999	414.83624	103.98665	538.2071	-260.19284	-417.7524	144.49785	2002.4512376785278
137	1792.8522	635.36115	3119.3499	970.96216	1067.6749	790.56934	3342.589	642.8891	566.0	354.8	547999	410.8037	101.5797	550.84607	-185.04262	-413.5468	134.88472	2017.2098014354706
138	1399.8611	757.0599	3064.9463	466.01266	2612.8396	685.64594	3303.6362	1435.4053	432.4	796.9	551999	406.11752	100.11151	565.3777	-424.72217	-408.78076	128.01668	2033.642050743103
139	2573.5115	591.46265	3384.7764	1834.2936	2432.9277	758.18164	3586.5107	1273.3408	755.2	675.8	555999	400.50052	97.694565	526.56256	-207.2501	-403.01144	122.92971	2049.528090953827
140	977.0348	522.4783	1805.492	21.653717	1687.427	847.9664	3514.4917	1053.5841	277.2857	485.7	559999	395.74365	97.47308	533.36346	-291.01715	-398.3639	128.41359	2064.7407801151276
141	1237.5406	555.60236	2249.1536	180.39859	1601.1443	544.5295	2475.8396	985.64197	360.25	457.3	563999	391.7692	96.81239	515.5996	-292.46387	-394.281	112.76497	2079.855491876602
142	1539.2363	1289.0917	3324.5679	13.07212	1087.1683	435.56168	1877.1039	594.40894	483.0	310.8	567999	389.04385	94.986565	522.6772	-221.51703	-391.59088	121.95385	2094.4598371982574
143	1142.9628	941.0529	3370.337	79.2353	119.53658	140.84042	540.9694	64.32653	347.3846	52.0	571999	387.4928	91.79506	503.87943	-186.02933	-390.06213	109.92898	2108.152390241623
144	493.84933	747.10187	3093.2395	58.26638	3350.3953	38.809753	3399.4285	3279.69	154.8077	1000.0	575999	384.82635	90.738	505.96848	-277.7107	-387.3436	122.88526	2125.24782037735
145	1063.8763	500.38852	2167.5864	71.343575	1307.783	331.97058	2024.4962	931.29584	322.83334	392.5	579999	384.96027	91.85542	484.92957	-295.66428	-387.60556	108.5239	2140.1668388843536
146	1514.4996	821.4163	3330.9714	281.77222	1536.0803	945.9583	3280.067	444.61124	459.0	494.8	583999	385.40192	90.28404	496.58478	-342.28253	-387.88907	110.708244	2154.9933342933655
147	1404.3734	315.9471	2216.0017	1171.2247	1076.7454	797.72174	3218.3088	313.27988	430.55554	321.7	587999	382.6215	87.83854	488.67773	-371.40155	-384.98346	112.974785	2169.1984848976135
148	782.32623	615.2402	1807.845	7.541291	856.4466	631.3001	1932.7386	136.32866	244.75	265.5	591999	380.5184	87.94942	496.1148	-247.5391	-382.99448	109.42384	2183.3831763267517
149	994.7737	340.9658	1613.8256	394.1086	1296.4938	405.0888	2112.1936	899.15314	309.69232	370.3	595999	379.29236	88.265854	489.18457	-326.4155	-381.7046	112.60431	2198.2839179039
150	1233.4539	504.8107	2257.7703	703.95654	1696.6117	762.50433	2583.3713	375.8293	357.0909	473.7	599999	378.3163	88.75174	490.60706	-288.6292	-380.86115	114.29828	2213.7750515937805
151	1027.0153	501.4539	2229.9023	12.855235	1248.2656	343.961	2041.0151	914.4912	293.5	360.8	603999	380.47787	88.90068	489.9642	-287.9261	-383.0098	104.45674	2228.789511203766
152	1401.0481	382.22787	2056.2085	957.44635	1196.2908	577.9727	2797.1658	766.0898	399.3	342.5	607999	381.54663	89.81778	494.47675	-261.57007	-384.08032	114.56888	2243.0106756687164
153	1107.6605	421.88126	1999.6678	600.98755	1229.3744	545.14087	2163.4753	225.72414	320.33334	362.1	611999	382.35995	91.652336	511.1383	-509.35382	-384.75323	110.91419	2257.7742142677307
154	1682.6116	939.19415	3449.686	542.2184	1505.3303	740.0198	2597.392	777.4743	487.875	435.1	615999	382.00793	91.974655	524.87274	-211.49338	-384.54324	114.212296	2272.8522052764893
155	1358.8536	508.1892	2526.4912	785.49396	2419.6804	710.50916	3378.0078	959.681	402.63635	702.9	619999	384.08936	90.407936	505.85098	-204.35167	-386.52814	110.94283	2288.2818570137024
156	1576.7792	781.40936	2959.7925	710.94403	3156.0425	52.440197	3260.0134	3075.706	485.5	1000.0	623999	382.5644	90.79998	500.11795	-191.58392	-384.7775	109.94992	2305.128573656082
157	1440.4971	1039.6062	3253.2622	44.092564	1293.8246	489.85526	2263.0078	578.4448	441.55554	415.2	627999	380.3392	90.3462	500.02866	-264.89526	-382.63992	103.96811	2319.989230632782
158	1349.417	475.9752	2628.2466	824.1714	2757.0466	641.09064	3404.6516	1190.1564	405.8	821.5	631999	380.0561	89.92749	499.7055	-290.4191	-382.46033	108.00503	2336.3115656375885
159	1296.3806	723.2451	2526.9822	120.83271	1456.9152	721.3839	2760.8306	112.30914	375.18182	404.4	635999	378.1298	89.599304	499.59116	-347.03006	-380.34995	102.711624	2350.840334415436
160	947.7693	467.916	1596.3157	125.06513	2416.7527	852.515	3156.9382	1297.3431	293.46155	766.9	639999	375.43396	88.53908	511.18918	-511.0134	-377.59464	103.50563	2366.992740869522
161	1675.2162	866.9346	3265.5837	994.65063	3161.7583	305.27216	3340.2373	2340.6514	490.625	955.6	643999	372.6017	88.09163	492.25854	-343.4866	-374.79056	104.53083	2383.973692893982
