Epoch	AverageEpRet	StdEpRet	MaxEpRet	MinEpRet	EpLen	AverageVVals	StdVVals	MaxVVals	MinVVals	TotalEnvInteracts	Losspi	Lossv	KL	Time	ImproveCondition	BackTrack_Iters
0	35.3477	33.301624	181.11476	10.770001	36.144577	-0.016684784	0.10594305	0.22351281	-0.43179095	3000	1.2715658e-08	1047.1716	0.008647523	2.7284951210021973	1.0264249	0.0
1	52.63075	53.523705	216.56969	8.640744	48.129032	8.818514	0.9918772	9.590467	-2.5280054	6000	1.0172526e-08	1677.6555	0.008749354	5.35343861579895	0.99559104	0.0
2	101.62444	62.281975	278.33853	12.182693	70.54762	16.566608	0.3651822	16.709377	9.751897	9000	2.5431315e-09	2426.0344	0.007854883	8.099846839904785	0.9869583	0.0
3	134.15247	69.029915	253.55675	12.750095	87.52941	24.164698	0.30429673	24.230705	18.05928	12000	-3.814697e-09	2771.7397	0.0085270535	10.739371538162231	0.98423433	0.0
4	167.90848	78.76149	331.10703	28.501041	103.344826	31.094553	0.31244084	31.131565	20.71217	15000	-1.5258788e-08	3185.8687	0.008756824	13.413898706436157	0.991428	0.0
5	197.83885	62.472603	309.0596	82.406456	115.34615	38.048428	0.0116590075	38.051865	37.751728	18000	5.086263e-09	3097.3694	0.0073724175	15.951975584030151	0.99598175	0.0
6	227.84094	77.0587	350.46417	65.34206	139.14285	44.300682	0.0051366035	44.302353	44.153423	21000	-9.6639e-08	2978.153	0.0064934394	18.48990488052368	0.9889202	0.0
7	235.92935	52.66775	315.65894	123.998024	133.86363	50.07743	0.0034015046	50.078728	50.030025	24000	-5.086263e-08	2787.7559	0.0073983953	21.145893573760986	0.9554179	0.0
8	252.57083	37.30598	325.14096	171.62033	144.35	55.402176	0.0031383086	55.40328	55.334816	27000	4.5776368e-08	2567.6663	0.00763146	23.555681467056274	1.0728211	0.0
9	234.15973	53.39017	313.5032	111.5168	131.22728	60.30819	0.002741312	60.30899	60.25367	30000	-4.45048e-08	2212.054	0.0060078558	25.99588656425476	0.9643429	0.0
10	245.20464	54.022446	317.52444	56.40842	133.27272	64.457146	0.0020341852	64.45783	64.424126	33000	0.0	2251.5974	0.0070764236	28.523309469223022	0.9364716	0.0
11	249.6582	45.823006	311.6186	98.73838	134.18182	68.48639	0.0020065028	68.48698	68.45245	36000	-2.0345052e-08	2117.061	0.008505999	30.936171293258667	0.9812903	0.0
12	247.36504	49.381374	310.04453	83.59837	128.43478	72.158356	0.0018926386	72.158966	72.13568	39000	-5.086263e-09	2083.0796	0.008409084	33.33833122253418	1.0099452	0.0
13	254.05972	39.60645	314.70007	131.29858	133.45454	75.58208	0.0021745402	75.58265	75.53195	42000	3.0517576e-08	1889.8273	0.007921987	35.73931860923767	0.9163127	0.0
14	259.75452	41.63279	339.6661	135.07324	135.31818	78.66547	0.0019390587	78.66601	78.628944	45000	-3.0517576e-08	1845.0242	0.009117489	38.1414999961853	1.1125704	0.0
15	261.16766	26.30762	321.87595	216.03601	139.7619	81.59275	0.006765897	81.59343	81.25637	48000	-2.0345052e-08	1620.1959	0.0071623498	40.54116702079773	0.94257724	0.0
16	262.6217	41.021088	314.095	104.41877	135.18182	83.93628	0.002116685	83.93676	83.870346	51000	-1.0172526e-08	1748.635	0.0069381995	42.94306468963623	0.8815103	0.0
17	265.46472	23.231201	324.9762	218.07529	134.81818	86.380585	0.0023113678	86.381035	86.315895	54000	5.086263e-09	1663.4612	0.008296643	45.34164261817932	0.8641248	0.0
18	265.40817	14.844289	294.2511	233.38206	131.63637	88.62663	0.0052244505	88.62738	88.46409	57000	1.0172526e-08	1744.786	0.0068841767	47.945918798446655	0.9569967	0.0
19	272.1677	21.352394	302.89444	217.30626	133.09091	78.666176	23.525536	91.61405	-15.187952	60000	-3.560384e-08	1164.3376	0.008528558	50.48924922943115	1.0202479	0.0
20	272.87903	21.383951	305.5419	236.56532	135.0	84.1839	21.904572	96.382164	3.2458372	63000	-7.375081e-08	845.67084	0.008177586	53.0203959941864	0.9748237	0.0
21	269.13794	44.250965	320.2759	111.427444	134.31818	84.79805	26.490074	100.41749	-6.254977	66000	-2.0345052e-08	773.89813	0.008584304	55.866106033325195	0.92274535	0.0
22	277.65356	24.113573	319.9262	214.85788	136.61905	87.009026	27.38636	103.764656	-2.9056869	69000	2.5431315e-09	686.9378	0.008659615	58.38119029998779	0.9671433	0.0
23	284.7259	17.294373	316.1888	262.29382	135.13637	88.43116	28.96074	107.25371	5.014454	72000	2.0345052e-08	591.63226	0.007876397	60.95813226699829	0.95479393	0.0
24	294.76114	14.274648	319.82376	253.62015	137.95238	91.98488	30.345858	111.02424	-1.9117849	75000	1.2715658e-08	580.82135	0.0076397117	63.643436670303345	0.9556751	0.0
25	290.2159	13.727199	311.49518	268.16788	134.18182	94.840775	31.64962	114.88994	-2.8846908	78000	-4.0690104e-08	441.0081	0.00930033	66.12568950653076	1.011246	0.0
26	272.70093	40.808247	324.97525	179.18675	126.478264	100.030334	29.948729	118.3146	0.15857053	81000	5.086263e-09	666.0302	0.00815853	68.60645008087158	0.87747175	0.0
27	292.82037	21.141466	324.5754	211.38934	137.04762	98.0221	30.7153	120.78055	1.8734348	84000	4.0690104e-08	429.88675	0.008521755	71.16919374465942	0.931035	0.0
28	290.59048	37.64045	320.34796	157.71036	132.18182	101.05546	32.81551	123.40087	-0.54134667	87000	2.0345052e-08	497.23337	0.008334245	73.75518012046814	0.934253	0.0
29	301.3786	11.296912	317.59918	267.8907	133.31818	102.29448	34.65689	126.0925	-2.0744457	90000	4.0690104e-08	335.9563	0.008587904	76.44641947746277	0.9886032	0.0
30	291.35226	42.456665	343.45947	151.60434	129.21739	106.80689	34.599304	129.19807	-0.42338324	93000	-5.086263e-08	485.9454	0.008492073	79.01319336891174	0.8446951	0.0
31	297.74982	17.870016	318.6955	241.08615	133.59091	106.37933	35.809986	131.48532	-3.086352	96000	0.0	213.27713	0.008914682	81.57945942878723	1.0065367	0.0
32	298.5414	45.899933	326.8529	92.00063	131.40909	106.10002	37.29034	133.73485	0.8540515	99000	4.0690104e-08	368.30588	0.0076493314	84.22545433044434	0.6899076	0.0
33	307.35165	11.291833	331.5289	278.68927	134.72728	109.58902	38.006107	135.82237	-2.5371256	102000	-4.5776368e-08	175.87952	0.009001106	86.90091061592102	0.9663529	0.0
34	309.9559	12.380952	328.08536	287.3406	135.80952	109.5402	38.644394	138.19539	-7.113262	105000	-5.8492024e-08	143.28943	0.009297095	89.45299744606018	1.0055925	0.0
35	314.5118	10.738545	333.76715	278.55078	135.72728	111.19911	39.450317	140.42033	1.516299	108000	-2.0345052e-08	153.12552	0.008585866	91.99006462097168	0.9928427	0.0
36	299.05515	42.040592	340.0622	165.85368	128.65218	115.89569	38.789997	142.78189	2.4974504	111000	2.0345052e-08	387.72836	0.008714224	94.62837505340576	0.8640819	0.0
37	305.59457	36.1286	326.13046	181.85211	131.04546	114.16238	39.639793	144.214	-0.5577798	114000	-1.5258788e-08	322.9579	0.009010957	97.23353695869446	0.896763	0.0
38	309.0138	25.059479	337.02246	234.07956	134.54546	115.763794	40.66616	145.75354	2.4163306	117000	5.086263e-09	217.06062	0.009002731	100.03631973266602	0.9370102	0.0
39	318.58688	11.173498	337.781	301.70895	135.72728	114.70193	41.103065	147.06294	-4.2366714	120000	4.0690104e-08	89.81894	0.009080813	102.82260060310364	1.0530132	0.0
40	321.76016	12.899666	335.4856	278.61307	135.54546	117.65475	41.911785	148.91699	3.1996408	123000	-2.0345052e-08	97.80959	0.008937916	105.55391335487366	1.0140505	0.0
41	326.5914	12.086645	346.49677	293.64246	137.66667	118.623436	43.001385	150.8118	-2.6709466	126000	7.8837076e-08	87.261284	0.008434679	108.28866767883301	1.0146791	0.0
42	315.41312	28.77725	341.36603	219.60551	134.5	121.66829	42.14227	152.64035	2.8405473	129000	-1.2715658e-08	200.66975	0.008071517	110.7757203578949	0.87415916	0.0
43	327.40503	15.229459	356.92746	296.9705	139.19048	118.8096	43.884007	153.61787	-0.037832975	132000	-2.0345052e-08	75.475334	0.00792045	113.26726412773132	1.0220642	0.0
44	329.20453	20.900082	349.42416	248.35165	138.61905	121.298935	43.749775	154.90237	1.4566791	135000	-5.086263e-09	93.05018	0.008815413	115.75712871551514	0.8149522	0.0
45	331.6252	9.404253	347.58926	315.9905	137.90475	122.30623	44.595177	156.28067	0.47485018	138000	-1.0172526e-08	45.566154	0.008802632	118.2495436668396	0.9984511	0.0
46	340.20474	7.9658566	357.74045	327.4167	142.0	121.997215	45.904694	157.78752	1.0168164	141000	4.196167e-08	49.111904	0.008765044	120.73512029647827	0.9940522	0.0
47	337.87186	29.188648	379.4508	219.03107	140.5238	125.87368	44.95768	159.45876	2.2307756	144000	7.629394e-09	174.06364	0.008421729	123.22480583190918	0.83626556	0.0
48	352.64417	11.780307	374.11896	321.76385	145.25	124.60971	46.764297	160.63846	-3.471041	147000	-9.7910565e-08	73.36101	0.009309246	125.70991969108582	0.99709946	0.0
49	363.8355	10.035239	393.3096	348.29196	147.0	127.95663	46.356625	162.55669	0.706954	150000	2.0345052e-08	89.54083	0.009376256	128.1967167854309	1.0353209	0.0
50	358.9812	28.936895	394.77753	266.02704	145.85	132.35716	46.01139	165.17593	3.5891523	153000	6.357829e-09	203.53406	0.008163455	130.6887743473053	0.95235884	0.0
51	371.8409	49.034042	472.54538	199.5032	147.7	131.79088	47.057	166.99875	2.4242337	156000	0.0	402.13467	0.009270703	133.17957162857056	0.9608453	0.0
52	380.81677	38.82538	513.5563	345.51443	148.9	136.42177	46.919678	169.26863	1.6851487	159000	-1.5258788e-08	237.58795	0.00883353	135.69210505485535	0.9908286	0.0
53	388.5416	65.57028	503.96082	203.54889	149.8421	140.62613	46.723995	172.1046	-1.5445158	162000	1.0172526e-08	656.7892	0.009481601	138.212828874588	0.93757397	0.0
54	441.64215	57.77431	538.40796	350.25668	164.94444	143.05025	45.376427	174.87079	1.5105209	165000	-1.6530354e-08	613.13477	0.008913141	140.73213744163513	0.9878247	0.0
55	466.14185	77.07376	588.22125	278.57315	173.70589	149.98198	49.191475	180.99068	2.6748996	168000	1.780192e-08	846.14056	0.009011574	143.25112390518188	0.9792984	0.0
56	487.69653	63.025036	602.7671	370.3401	175.76471	156.59985	47.72263	186.75076	3.5337064	171000	-5.086263e-09	669.4201	0.009316308	145.77164125442505	0.9393869	0.0
57	525.54346	44.411785	586.1551	409.92792	185.0625	163.20248	48.81642	193.18149	0.90260196	174000	-1.5894571e-08	808.4291	0.008286053	148.29323291778564	0.9450415	0.0
58	507.78497	82.8585	625.1603	319.965	184.3125	165.06767	54.859734	199.67198	-1.111182	177000	-5.086263e-09	803.549	0.008992055	150.80698823928833	0.902868	0.0
59	569.73834	38.07928	634.71405	493.48154	198.66667	170.87152	50.685547	202.71918	1.0775056	180000	-5.086263e-09	646.16724	0.008944342	153.32245898246765	0.957444	0.0
60	574.4909	36.149857	634.8225	514.26166	198.13333	175.85452	54.52442	208.97565	-0.5114882	183000	1.0172526e-08	317.4011	0.009668481	155.83845591545105	1.0346209	0.0
61	593.179	74.30656	724.13806	391.19992	204.28572	183.59305	54.4509	214.57071	2.095415	186000	5.086263e-09	629.6402	0.009485003	158.35713911056519	1.0048083	0.0
62	612.82526	66.40505	705.99915	458.56415	209.5	186.25502	57.62179	220.04436	-0.37156725	189000	1.0172526e-08	533.3682	0.0024231414	160.92955923080444	0.9964243	1.0
63	610.545	72.20518	818.62006	512.65686	207.71428	191.36215	55.921143	224.36598	1.7089155	192000	-1.780192e-08	604.1658	0.0021929042	163.52278757095337	0.96768236	0.0
64	592.5162	85.60293	730.44836	350.59567	205.0	190.2558	58.291153	227.56458	-0.21159935	195000	-7.629394e-09	717.21625	0.0022888177	166.015709400177	0.9440797	0.0
65	648.4427	79.80971	820.84406	517.73895	218.38461	188.06375	61.736256	229.5481	-1.5658047	198000	-2.5431316e-08	499.72232	0.0023031675	168.5484583377838	1.0826974	0.0
66	653.4489	55.95342	819.5936	586.9391	221.84616	197.3786	61.457138	233.80717	2.1505103	201000	-1.2715658e-08	159.67741	0.0022725647	171.0397789478302	0.9750063	0.0
67	631.2596	61.830208	806.5434	518.02155	213.57143	195.36737	60.856586	236.81476	0.34184456	204000	-7.629394e-09	399.40668	0.0020789036	173.4718759059906	0.9030817	0.0
68	672.2995	61.71449	804.6141	580.7071	225.92308	193.22766	63.652397	238.48851	0.41896105	207000	5.086263e-09	386.32297	0.0022717784	175.98618483543396	1.0552208	0.0
69	685.21124	81.4344	857.124	590.2381	231.41667	201.48059	61.559902	241.46082	3.2951174	210000	5.086263e-09	168.02965	0.002223516	178.47267532348633	0.9903955	0.0
70	661.0199	111.29608	808.6303	322.6715	225.15384	205.57521	61.451424	244.36137	4.3780723	213000	-1.0172526e-08	726.02234	0.0022688254	180.9720423221588	0.9803469	0.0
71	724.9422	67.787155	874.952	621.75836	243.16667	198.09004	63.983624	245.49052	-6.913759	216000	-2.0345052e-08	350.2987	0.0022938834	183.63634157180786	0.99373114	0.0
72	704.8333	81.46674	826.44324	560.9872	233.33333	208.85733	62.05169	248.6549	4.3594565	219000	1.5258788e-08	202.1492	0.0022115714	186.10010862350464	0.96467686	0.0
73	714.492	106.15594	870.32513	452.8696	237.58333	211.44441	62.107014	251.51497	0.22848463	222000	4.3233236e-08	995.5361	0.002120379	188.49783778190613	0.91602415	0.0
74	692.23785	109.16606	950.672	519.6687	229.25	208.94972	62.815945	252.47487	-1.8171916	225000	-5.086263e-09	678.442	0.0023346292	190.8895230293274	0.9596458	0.0
75	705.8887	126.17102	914.1491	402.7299	236.41667	211.44205	61.37731	253.83134	-1.9255536	228000	6.3578287e-10	1137.3058	0.0021695194	193.28452801704407	0.8919677	0.0
76	665.3106	152.40804	891.6113	301.44867	231.58333	215.26619	55.77014	253.77245	-5.4462667	231000	5.086263e-09	2232.9456	0.002391973	195.68017959594727	0.9465819	0.0
77	718.1154	126.18999	940.5718	494.8124	240.91667	201.39696	58.258705	252.77539	-0.2861495	234000	1.9073486e-08	1236.5242	0.0022615653	198.07418727874756	0.9229267	0.0
78	750.7336	109.64043	1044.8126	640.36053	248.33333	204.40904	62.34985	254.77748	2.8490446	237000	1.0172526e-08	480.406	0.002153824	200.46862840652466	1.0056981	0.0
79	748.0955	129.32715	923.316	562.72095	249.66667	213.14204	65.77577	257.35104	-1.4789572	240000	0.0	191.23553	0.0022745484	202.86139702796936	1.0115708	0.0
80	797.1614	141.79298	1188.2438	630.25854	263.27274	213.15031	63.239834	259.13605	-3.0115001	243000	8.90096e-09	213.5605	0.0021866274	205.2564218044281	1.2082094	0.0
81	744.84106	108.503365	983.81964	598.27435	248.5	221.39828	62.617474	262.67416	-2.7260203	246000	1.5258788e-08	499.92383	0.0022921548	207.64416408538818	0.9360586	0.0
82	731.993	76.463104	881.43555	629.63025	239.16667	204.17488	70.682205	263.80408	3.096649	249000	-2.0345052e-08	392.6401	0.002307397	210.05423665046692	1.0236919	0.0
83	765.7563	125.50641	938.09863	529.77637	255.09091	221.66975	63.276924	265.15845	4.178089	252000	0.0	761.45557	0.0023007572	212.4425389766693	0.99963355	0.0
84	830.0016	139.69766	1055.7806	619.6635	274.6	215.80452	65.45824	264.9609	-5.1254683	255000	0.0	287.71716	0.0023820137	214.82972145080566	1.0266595	0.0
85	875.67883	165.91109	1181.0903	659.8167	290.6	225.30779	64.31139	267.51318	-6.764901	258000	1.0172526e-08	187.16203	0.0022176844	217.2166130542755	0.9701791	0.0
86	751.7409	143.79243	904.57635	365.5764	249.25	218.62163	69.094765	269.49622	3.1354015	261000	-2.5431316e-08	1284.1617	0.0022607471	219.60635924339294	0.9873964	0.0
87	798.46234	149.79594	1035.624	631.0112	259.36365	217.97021	64.24636	268.94266	-6.709816	264000	-7.629394e-09	334.1377	0.0021929122	221.9998164176941	0.98925334	0.0
88	717.9964	141.58809	904.91785	320.88232	236.08333	219.56221	67.26595	272.78473	4.884251	267000	-1.780192e-08	1041.1411	0.0024000797	224.48708748817444	0.91790926	0.0
89	813.3852	270.0161	1439.7991	274.22784	271.72726	221.59724	62.06479	271.73956	-2.093212	270000	1.0172526e-08	1164.4128	0.002301218	226.97571182250977	0.8623967	0.0
90	792.5522	166.45932	1006.4532	395.8873	258.72726	222.64842	62.631657	272.12198	4.5236807	273000	3.814697e-09	1369.9473	0.0021809926	229.4737856388092	0.7646451	0.0
91	867.69025	91.23007	997.8697	682.6735	283.2	220.65129	67.69398	274.335	-0.64036226	276000	-1.2715657e-09	302.45755	0.0021544616	231.96757745742798	0.9843192	0.0
92	814.4752	163.94434	1159.9818	640.8334	265.36365	224.02396	68.39316	276.2094	6.544252	279000	2.2888184e-08	101.78073	0.002390938	234.45989084243774	0.99269116	0.0
93	898.0946	179.24649	1188.6444	595.4025	294.0	228.49408	66.871895	277.07782	-2.042655	282000	0.0	83.07771	0.00230693	236.94889283180237	0.99912107	0.0
94	1030.6053	232.50983	1403.6287	744.024	351.25	237.68613	61.53502	278.44785	-5.0182343	285000	1.9073486e-08	231.86992	0.0022518307	239.42538619041443	1.0078158	0.0
95	883.68005	90.98364	981.1268	715.7096	294.1	224.35762	66.494415	277.54877	1.4668717	288000	-1.2715658e-08	275.53107	0.0023211248	241.88918542861938	1.0026554	0.0
96	902.9468	115.29259	1146.9938	726.0115	295.44446	228.28178	63.751343	279.00964	5.3455644	291000	1.6530354e-08	116.064865	0.0023382294	244.37232112884521	1.0111358	0.0
97	936.02344	87.584114	1082.8063	830.08655	305.1111	233.21396	66.42066	280.6172	-2.7758884	294000	-1.0172526e-08	123.663445	0.0022348114	246.8443524837494	0.98614514	0.0
98	878.71136	129.92741	1070.6635	644.5926	307.77777	243.79391	55.42556	282.1131	0.43116188	297000	8.90096e-09	2792.326	0.002294222	249.31959533691406	0.90388703	0.0
99	858.49805	161.08112	997.2017	425.21643	280.4	220.62044	60.040874	279.96875	-10.910629	300000	1.3987223e-08	1165.9985	0.002275023	251.78515815734863	1.0074438	0.0
100	990.4509	182.31201	1426.2367	795.5947	326.44446	230.34952	61.582794	280.62747	0.9090185	303000	2.5431315e-09	528.46295	0.0022844253	254.25600624084473	0.95339006	0.0
101	959.9708	115.369225	1119.6377	710.83466	313.55554	233.03235	65.59003	282.31387	0.07635927	306000	2.5431315e-09	189.21933	0.002265731	256.7199673652649	1.0148573	0.0
102	1005.9109	183.46266	1373.1719	695.0723	324.0	236.43288	66.79203	283.9936	1.673666	309000	1.0808309e-08	98.156166	0.0022892396	259.19578790664673	1.0083916	0.0
103	973.8482	248.22601	1422.1761	410.43378	327.44446	241.49625	65.03743	287.07852	5.9828563	312000	0.0	1382.4899	0.0021230115	261.66189312934875	0.9045282	0.0
104	1124.3373	184.73622	1413.528	846.4751	378.85715	234.5187	56.56969	284.26105	7.7797236	315000	-5.722046e-09	435.7343	0.0023206493	264.1395375728607	1.0005529	0.0
105	905.5672	157.28897	1249.2689	691.59515	291.9	231.23318	68.041145	285.84668	3.11688	318000	7.629394e-09	91.06756	0.0023243262	266.6104516983032	0.9854271	0.0
106	1044.1115	86.63953	1193.5862	896.4567	339.75	243.5722	63.3648	287.8078	3.9069123	321000	3.1789145e-09	102.53898	0.002218359	269.0732271671295	0.9943341	0.0
107	975.01886	348.9779	1645.2494	191.24445	328.0	240.017	66.67612	289.50476	3.8700619	324000	2.0345052e-08	1303.0968	0.0023003034	271.5351686477661	0.81624275	0.0
108	906.22986	257.40427	1393.5852	269.6993	297.3	232.3761	62.43559	286.71664	0.48269463	327000	1.5258788e-08	1348.319	0.002295591	274.0115807056427	0.88315153	0.0
109	1041.6401	155.68517	1404.4058	845.37714	332.77777	235.417	66.06014	285.833	5.105054	330000	-2.5431316e-08	185.65019	0.0022883546	276.4891822338104	0.9917964	0.0
110	928.6675	138.75333	1110.5154	686.2301	298.3	239.51494	69.578545	291.2658	1.8883753	333000	-3.0517576e-08	97.87186	0.0022771622	278.96137523651123	1.0013725	0.0
111	919.57733	152.26114	1183.4344	722.0745	295.7	233.7005	71.72871	291.26288	0.40111208	336000	-5.086263e-09	98.206474	0.002307274	281.4300208091736	1.0034629	0.0
112	962.5844	187.28	1236.892	638.94086	315.33334	239.05342	66.234566	291.84015	5.3373675	339000	-1.5258788e-08	177.93683	0.0023846752	283.9858136177063	1.0135633	0.0
113	1011.20337	206.08804	1421.235	714.7984	327.33334	235.4399	67.86048	291.35855	1.878602	342000	-2.5431316e-08	124.80255	0.002315215	286.49532294273376	0.99453396	0.0
114	992.5498	169.56703	1216.7363	704.44165	320.22223	239.70879	67.41041	292.6137	2.4743953	345000	-1.0172526e-08	73.644936	0.0024032593	289.0071859359741	0.9502747	0.0
115	1106.603	499.7534	2396.4287	783.5782	370.125	240.89851	65.36689	292.6876	-3.138987	348000	2.0345052e-08	232.5309	0.0024042306	291.5194396972656	0.99721974	0.0
116	1053.1897	168.52928	1309.9099	816.92554	336.875	243.28394	64.03827	291.82446	-0.77623653	351000	0.0	141.98323	0.0022536342	294.03744864463806	1.0017722	0.0
117	1133.4973	217.33675	1462.9673	862.5338	361.5	248.91348	66.76376	295.36783	2.9363856	354000	-5.086263e-09	48.459614	0.002323032	296.5465166568756	1.0053141	0.0
118	1104.8638	267.43927	1624.921	817.15985	356.375	250.27925	67.59184	297.9164	-0.80623627	357000	5.086263e-09	118.44646	0.00237571	299.0686249732971	0.9907773	0.0
119	958.49	170.50394	1195.464	673.30426	306.33334	240.44873	69.80935	297.8713	2.9058213	360000	2.5431315e-09	90.02894	0.0023358131	301.5892241001129	0.9823162	0.0
120	1071.4812	450.44693	1668.7512	259.83682	348.75	252.90167	63.64901	298.16614	3.3176231	363000	0.0	1393.6284	0.0023062923	304.10853147506714	0.8568617	0.0
121	1072.722	310.39328	1793.7825	712.51337	351.0	239.79744	66.40786	297.76617	1.4468374	366000	-6.9936115e-09	204.2291	0.002352014	306.6243257522583	1.013759	0.0
122	968.4325	183.64133	1339.653	711.815	309.33334	241.32486	67.7236	297.8618	-2.2818046	369000	-4.5776368e-08	79.58509	0.0023084455	309.1315824985504	0.9836448	0.0
123	997.036	119.472595	1185.3785	857.68304	320.0	240.17625	69.18169	299.35406	0.842978	372000	-1.3987223e-08	122.51178	0.0023362343	311.6413080692291	0.99692446	0.0
124	876.03516	216.91939	1064.7308	251.35164	279.7	239.82591	71.08698	299.40332	-5.318564	375000	0.0	1304.4231	0.0022738455	314.1532061100006	0.76271564	0.0
125	1047.756	149.67502	1224.0609	828.64746	332.22223	239.135	67.12615	297.91382	6.1265545	378000	-5.086263e-09	236.27528	0.0022239136	316.68652868270874	0.99318737	0.0
126	1060.8467	131.2781	1240.2225	877.51	338.75	250.62338	69.18532	300.50983	1.4213519	381000	-1.2715658e-08	58.85952	0.0023914953	319.1944272518158	1.0008265	0.0
127	1016.4171	129.09537	1246.0992	814.33075	326.55554	242.52846	69.49124	299.40005	1.9209733	384000	1.5258788e-08	117.63633	0.0023351961	321.704772233963	1.0089918	0.0
128	1095.5583	155.139	1328.243	842.8155	348.625	247.56279	67.06632	299.0571	6.348695	387000	1.0172526e-08	102.20173	0.0023538633	324.21459197998047	0.996452	0.0
129	977.2779	192.14252	1246.8323	711.9424	309.8889	244.19142	70.52067	301.6993	-3.381814	390000	-2.7974446e-08	80.637665	0.002301856	326.7300159931183	0.9924773	0.0
130	1073.0366	162.22563	1246.2598	713.1559	346.875	248.12299	68.25773	302.64142	0.87248755	393000	1.780192e-08	102.1621	0.0022969954	329.25102496147156	1.0035297	0.0
131	1052.0408	217.7645	1341.0306	808.3037	333.25	248.61633	64.104744	301.4972	3.804234	396000	5.086263e-09	148.07495	0.0023053277	331.7562735080719	0.9922069	0.0
132	909.83777	218.51219	1222.3209	474.41064	297.44446	245.73238	69.50283	304.72403	1.7881165	399000	-1.5258788e-08	1763.7333	0.002321948	334.268146276474	0.9691876	0.0
133	936.26807	261.71487	1492.8135	441.23337	299.8	238.28748	69.12175	296.85718	8.075248	402000	1.9709269e-08	1412.1597	0.0022430548	336.7780921459198	0.85553586	0.0
134	1024.3561	314.2065	1701.0447	756.22437	324.44446	238.44994	67.89678	298.2064	5.5480943	405000	5.086263e-09	199.04416	0.0023447506	339.2853536605835	1.0245323	0.0
135	1077.9781	156.8236	1247.9791	833.09906	344.75	246.24196	67.37426	301.1663	6.7861676	408000	-2.2888184e-08	60.757614	0.002414603	341.79805755615234	0.99346316	0.0
136	1132.3618	407.67825	1662.548	256.1091	362.5	255.38109	64.22319	302.0619	1.6707087	411000	-1.5258788e-08	1366.1177	0.0023686618	344.3160836696625	1.0104048	0.0
137	1003.88055	319.2827	1312.6205	256.47516	326.0	245.06029	67.739494	303.84543	2.3802648	414000	-1.5258788e-08	1249.7638	0.0024705427	346.8268315792084	1.016054	0.0
138	1205.8088	347.5647	1572.4249	642.26044	384.7143	247.39005	65.27123	302.86554	6.85119	417000	-2.7974446e-08	234.98776	0.002386878	349.34705901145935	1.0346793	0.0
139	994.3839	206.46333	1322.5199	698.1489	312.8889	245.55708	69.83533	304.60516	2.0202875	420000	0.0	61.52712	0.0023794654	351.8544280529022	1.0112994	0.0
140	1016.0026	175.93147	1344.0106	784.5338	320.0	245.31062	70.59673	305.85648	1.6990829	423000	1.0172526e-08	95.581856	0.0023901449	354.3654942512512	0.98392755	0.0
141	1178.3357	386.63467	2089.3364	790.9245	371.5	251.52585	72.115425	305.87387	-4.0663385	426000	-1.9073485e-09	80.96926	0.0023341984	356.8738160133362	0.983546	0.0
142	1121.2932	227.82808	1465.9938	733.08966	362.75	259.82233	65.428696	307.8886	-1.7137947	429000	1.5258788e-08	1585.0166	0.0023829674	359.3751323223114	0.9183671	0.0
143	1107.3688	238.82759	1616.6906	834.8515	347.0	243.56012	70.05977	304.477	-0.7334018	432000	4.7047934e-08	244.99712	0.0023820177	361.8716676235199	0.99772716	0.0
144	1230.7094	353.69205	1620.5146	720.1068	396.7143	260.8861	66.3024	309.2968	7.57586	435000	2.6067097e-08	150.29765	0.0023774004	364.37175989151	1.021727	0.0
145	1055.4459	279.01883	1671.0542	662.9218	331.33334	244.80542	72.51904	307.07556	1.8951125	438000	2.5431315e-09	86.22606	0.0023363559	366.87258100509644	1.0018109	0.0
146	1025.156	258.3487	1352.9684	673.3695	320.77777	247.45824	72.85828	309.04272	-1.7054157	441000	-1.5258788e-08	60.131065	0.0023522992	369.37230014801025	0.9669142	0.0
147	1034.6731	264.05356	1488.6178	653.19763	323.44446	247.50577	73.26602	310.09952	7.4783187	444000	4.1325885e-09	64.474045	0.002355144	371.7902944087982	0.97653294	0.0
148	1204.893	314.55432	1890.9899	895.2337	383.0	258.77133	68.20196	311.01834	2.076694	447000	1.2715658e-08	101.127335	0.002362241	374.21593499183655	0.9694437	0.0
149	1354.3428	440.31555	2165.4998	856.5692	433.16666	264.56406	64.351776	309.90564	0.03194809	450000	3.560384e-08	87.41556	0.0023685507	376.6471447944641	0.9914799	0.0
150	1512.9144	524.2881	2450.7546	888.1029	486.83334	262.69135	63.287548	310.35922	2.9711924	453000	-1.0172526e-08	129.83066	0.0024072924	379.0892457962036	0.9900727	0.0
151	1404.6676	469.9159	2169.234	708.52325	457.5	260.25854	61.875343	311.46222	5.66621	456000	7.629394e-09	115.29361	0.0023696348	381.5138077735901	0.972768	0.0
152	1289.175	262.35223	1709.9668	777.75433	415.14285	254.68198	66.62435	310.09363	4.3717318	459000	1.5894571e-08	92.50255	0.002390545	383.95512890815735	0.99459374	0.0
