Epoch	AverageEpRet	StdEpRet	MaxEpRet	MinEpRet	AverageTestEpRet	StdTestEpRet	MaxTestEpRet	MinTestEpRet	EpLen	TestEpLen	TotalEnvInteracts	AverageQ1Vals	StdQ1Vals	MaxQ1Vals	MinQ1Vals	AverageQ2Vals	StdQ2Vals	MaxQ2Vals	MinQ2Vals	LossPi	LossQ	Time
1	21.431717	29.862114	246.37276	5.702835	66.05754	0.5380936	66.88412	65.25546	22.873564	36.0	3999	4.7417026	3.5887027	24.602325	-5.516145	4.74142	3.590513	24.779919	-6.7187114	-5.5465508	0.33930317	11.192744731903076
2	18.520857	14.7492	95.91779	4.3827415	35.00724	0.71265864	36.232964	34.3975	22.327778	20.3	7999	20.651894	10.380568	74.67491	-17.412287	20.651503	10.382067	77.80159	-21.144138	-24.262632	5.019506	25.481200218200684
3	48.078682	61.25276	191.0298	5.6929636	181.43253	12.750851	192.38298	161.63354	34.778763	86.5	11999	57.36632	25.143738	172.65282	-40.262207	57.367893	25.134192	169.5272	-43.539062	-66.61216	35.42275	40.75245022773743
4	186.68921	25.815636	219.8927	59.20541	206.85893	1.8081574	210.67853	204.05354	91.954544	96.5	15999	108.05466	31.054281	166.66908	-81.46014	108.06022	31.013227	163.33652	-72.4926	-117.983154	82.79162	56.50342321395874
5	164.98459	51.67072	219.81435	80.88541	179.09613	2.067884	182.84605	175.86111	79.24	88.6	19999	116.39204	32.34364	167.22873	-62.62561	116.40425	32.277584	172.9282	-67.02215	-121.74178	69.88081	71.16771841049194
6	155.12721	35.0045	207.61075	96.180435	199.29012	2.5390923	202.30118	194.71066	80.7	94.5	23999	114.45035	35.382366	166.5323	-80.196106	114.45261	35.370296	167.58151	-94.21436	-119.60505	61.094288	85.88256597518921
7	190.07878	9.166523	211.73883	171.281	200.73482	6.23661	212.96008	192.67557	94.59524	109.9	27999	115.42841	40.570488	164.12202	-67.42765	115.42979	40.56362	164.92232	-82.87629	-120.261314	46.086792	100.5945029258728
8	180.58235	51.77971	354.41327	50.404667	245.56656	45.789215	321.6561	197.29965	90.954544	106.2	31999	114.83588	41.71967	197.61444	-312.6875	114.83648	41.71068	195.24727	-341.84662	-119.82575	51.260727	115.45448112487793
9	228.72797	49.832928	360.7595	139.05928	294.15604	1.5424707	297.00452	291.5801	109.888885	116.9	35999	113.73357	40.921764	195.25038	-94.628914	113.73465	40.914272	194.61179	-91.087036	-118.862564	46.52104	130.2081482410431
10	310.095	75.08107	504.41983	146.08492	301.7348	6.1293554	311.50006	291.08804	128.03226	136.3	39999	111.90523	39.51236	236.99918	-95.48188	111.91124	39.49013	230.6878	-79.87443	-117.34458	58.66425	145.04707670211792
11	244.1581	73.703255	482.14407	137.56519	242.08987	45.06698	363.36188	203.17474	113.27778	116.0	43999	114.71712	39.936356	237.23834	-78.47939	114.71905	39.926624	239.2421	-80.55483	-119.787	51.757915	159.80189538002014
12	244.92676	170.99133	792.2959	35.072727	128.35391	4.768014	134.50879	117.88048	120.90909	95.6	47999	114.89915	38.036385	232.90102	-152.04253	114.90307	38.015614	229.42995	-99.08615	-119.36589	56.716843	174.49907422065735
13	241.25668	137.53336	753.78186	96.72366	143.16562	13.553828	159.9694	120.9162	129.48387	100.4	51999	115.83425	35.696667	206.60612	-76.810104	115.83592	35.679073	207.08739	-70.17406	-120.17055	58.44186	189.20288562774658
14	154.0552	184.22458	804.68243	19.488726	97.15517	85.042366	352.05072	64.44979	110.583336	82.4	55999	117.78652	35.887848	203.16966	-84.54837	117.78477	35.884792	194.88144	-95.57728	-122.31918	58.767033	203.84048438072205
15	387.19492	171.02806	635.154	66.62275	465.927	143.85158	760.1541	334.25583	162.48	184.9	59999	120.8132	38.573936	200.67902	-91.3055	120.80958	38.582237	207.2441	-92.97729	-124.95795	58.724815	219.0079836845398
16	489.46066	204.00754	1028.8517	246.40553	661.5314	185.61183	865.6521	366.2914	180.18182	224.1	63999	122.69588	40.38159	204.77902	-64.15823	122.69511	40.385063	202.27106	-59.076736	-126.81318	57.168793	234.40547704696655
17	624.7117	165.0611	812.6261	280.88544	915.7918	48.397198	976.4935	840.09906	211.1579	287.4	67999	127.18675	41.566227	206.60886	-85.711365	127.18874	41.56846	207.19994	-67.134735	-131.7032	56.55861	250.053777217865
18	627.4589	168.44489	935.26917	341.312	743.21594	20.826832	798.6711	724.89624	215.77777	231.1	71999	133.52876	44.558235	209.24481	-82.79825	133.52867	44.55883	212.77847	-60.22941	-137.70573	55.32949	265.7700023651123
19	480.30487	194.21597	945.60986	290.49548	402.31	122.49398	581.02856	251.18625	164.84	136.3	75999	137.53374	46.421844	216.83917	-58.13918	137.5334	46.424595	219.83241	-89.279625	-141.59322	53.868767	281.1997985839844
20	394.09357	163.11238	805.7018	162.29538	1049.3997	225.20007	1549.974	589.8165	147.0	339.8	79999	141.18823	47.97528	223.40399	-133.99503	141.18716	47.979576	229.36908	-102.51517	-145.13281	53.642155	297.4073910713196
21	687.3796	271.51804	1412.1605	301.61542	804.9574	118.54383	997.6338	670.5203	229.88889	257.9	83999	143.61642	48.131824	226.44763	-59.388256	143.61711	48.12766	236.49785	-80.73269	-147.45665	54.017944	313.02465081214905
22	669.9117	84.41662	803.5951	465.76776	631.0719	55.008186	754.3026	562.17926	216.61111	213.8	87999	145.1632	48.91805	233.17677	-98.20967	145.16315	48.918034	242.90015	-79.03256	-148.68202	50.200214	328.2542054653168
23	669.62994	173.94669	992.0156	173.26308	924.7371	173.35437	1157.7194	598.40155	222.27777	294.8	91999	146.87624	49.139404	239.87369	-75.948006	146.876	49.132824	250.03564	-101.91053	-150.27524	48.20758	343.9111182689667
24	807.1187	294.9701	1303.8583	345.8209	746.4196	411.4817	1234.0349	238.89728	269.66666	255.2	95999	148.44641	49.131348	240.77061	-82.89053	148.44684	49.12984	245.36336	-103.85692	-151.77773	46.6255	359.65992522239685
25	856.10944	243.33911	1244.3428	177.09996	1057.4156	94.408005	1218.1132	872.83704	288.5	350.2	99999	150.25641	49.197037	239.53445	-66.86419	150.2569	49.195324	247.01773	-127.09542	-153.63234	46.595543	375.1940312385559
26	562.5015	353.3471	1193.4512	168.03633	994.0923	203.73065	1346.7612	796.903	217.16667	345.9	103999	152.17992	49.500324	240.29765	-77.88438	152.17984	49.502216	243.6844	-104.418976	-155.57472	45.389008	391.09259581565857
27	541.9476	402.4553	1356.3417	56.29658	878.217	94.65223	1060.0116	751.3064	196.4762	287.2	107999	154.88908	49.585007	238.45271	-104.644485	154.88994	49.579754	241.10875	-75.14136	-158.22588	51.22423	406.5145490169525
28	1045.1759	217.0961	1427.4807	665.0443	1164.707	52.861134	1264.0941	1082.6536	330.58334	365.9	111999	156.33112	50.19657	240.68187	-88.25415	156.33269	50.182514	245.38574	-82.16858	-159.40947	50.66046	422.6449592113495
29	966.9363	242.04614	1343.4319	297.80762	658.525	441.7562	1299.7461	290.2087	309.53845	236.7	115999	158.20633	50.651688	250.19527	-74.93817	158.20802	50.634937	248.48175	-76.69467	-161.52322	48.8581	439.1351294517517
30	1257.524	210.19019	1623.2947	845.08685	1297.5287	111.510254	1520.4585	1115.7662	390.1	402.2	119999	160.30106	51.472034	250.08533	-70.94463	160.30244	51.457867	250.74347	-81.50603	-163.50531	49.04249	455.54076194763184
31	1025.3016	182.90349	1232.1876	699.3555	729.6644	184.5475	1102.9536	620.0841	341.36365	265.6	123999	162.35712	52.480373	252.5923	-98.71018	162.35806	52.476784	254.43776	-89.23833	-165.4756	47.782085	472.3598222732544
32	987.0146	260.772	1393.2406	372.18997	784.757	53.93691	884.5041	706.3476	318.3846	277.4	127999	164.53616	53.048584	255.08444	-94.55982	164.53757	53.040066	256.3861	-108.66735	-167.61928	48.809017	488.8491427898407
33	813.4606	173.076	1237.5212	550.0974	806.5725	2.7184026	811.3229	800.9242	255.4375	242.3	131999	166.07729	53.567867	255.97107	-94.25186	166.07773	53.56161	260.63904	-96.48235	-169.04874	48.189842	505.2731158733368
34	813.10864	121.48909	1035.5933	640.65576	601.1213	310.75925	962.825	278.09738	253.6875	202.2	135999	167.619	54.133766	257.65375	-109.33354	167.61871	54.125813	255.62431	-91.03814	-170.59525	44.91144	521.4149162769318
35	825.62836	332.10474	1231.9255	56.699123	242.61209	2.788333	247.12674	238.66035	268.4	127.5	139999	169.67082	54.512115	259.37622	-104.90702	169.67226	54.503525	261.79135	-90.24309	-172.52553	43.3691	537.2292187213898
36	637.4526	293.8008	952.18036	256.51178	858.3369	28.277199	887.9864	816.7193	217.77777	253.5	143999	172.11292	55.05837	263.80862	-114.60401	172.11375	55.051678	260.96667	-80.22818	-175.14629	47.433563	553.233405828476
37	873.1327	100.059265	1072.1523	724.04626	890.18616	63.924496	968.471	780.5024	264.73334	266.0	147999	174.69974	55.6909	262.73373	-84.11619	174.70088	55.678806	261.1275	-85.003586	-177.71242	47.18678	569.8242411613464
38	694.63135	348.5758	969.4148	27.046263	1043.7356	91.81534	1143.1516	922.7319	211.8421	319.9	151999	176.9472	56.562256	264.53815	-73.36635	176.9472	56.553646	263.60837	-124.92049	-179.98347	47.377834	586.2977886199951
39	866.4072	102.79642	1086.469	701.41034	1940.3148	784.2895	3405.3474	1028.7764	258.5	571.0	155999	178.59744	56.844883	267.08862	-91.02286	178.5992	56.838654	266.4889	-76.231926	-181.38612	48.082386	602.6105589866638
40	930.7436	162.96504	1386.5869	782.97894	862.8665	41.679096	930.8212	803.6338	278.0	247.0	159999	179.79333	57.005203	272.0977	-101.84031	179.79236	57.003246	267.5718	-88.27925	-182.61353	47.532513	617.7021033763885
41	1007.018	134.46394	1223.0488	808.9288	1080.7771	138.63023	1221.5239	846.70795	294.69232	313.7	163999	181.0846	57.12637	274.3075	-118.10124	181.08458	57.124035	271.1979	-79.70178	-183.78816	47.321453	632.9669508934021
42	1172.5571	124.966354	1356.4324	868.893	1078.218	98.99327	1206.0984	942.4806	343.66666	329.6	167999	182.26527	58.01043	274.27515	-106.58495	182.26544	57.99915	273.60898	-116.69601	-185.0074	44.81319	648.5721600055695
43	1042.6417	454.10165	1432.7102	22.95158	772.14404	187.2349	1333.2454	697.3535	307.46155	265.4	171999	184.27399	58.92525	273.0289	-110.03693	184.27464	58.918144	269.46985	-74.70975	-187.02696	43.500507	664.0771222114563
44	1092.4598	375.05972	1516.3191	21.406178	1103.5021	76.853806	1235.5647	1031.5192	331.5	332.6	175999	186.27426	59.70149	272.9723	-90.9059	186.27444	59.697304	267.99176	-136.55972	-189.15666	47.27469	679.487256526947
45	1126.2688	130.39877	1327.5546	769.115	1754.7434	182.07689	2150.0232	1521.354	336.0	508.4	179999	188.53142	60.236458	277.90964	-94.26939	188.53238	60.2316	272.81024	-90.46911	-191.3406	45.899864	695.8033397197723
46	1402.4777	418.94226	2207.02	773.2372	1401.2866	96.87883	1581.119	1237.0414	423.8889	414.5	183999	190.2932	60.845905	278.0008	-95.203674	190.29468	60.836086	276.83566	-105.165504	-193.0871	46.325428	712.1375606060028
47	1103.7284	342.41278	1461.4097	40.11887	1329.0381	129.94388	1506.6748	1193.0485	324.69232	403.4	187999	191.91588	61.08455	280.10983	-74.09862	191.91705	61.076683	276.14267	-77.83106	-194.55292	43.956364	729.0881745815277
48	901.47076	449.29175	1423.4088	32.6581	1323.5696	21.005386	1350.2183	1286.4308	267.66666	376.3	191999	193.73996	61.385853	285.5307	-195.12523	193.74084	61.380867	280.32925	-125.35349	-196.37268	46.225353	745.4642541408539
49	1099.1427	180.75424	1325.1075	625.4051	1310.5398	86.63589	1510.3802	1235.1475	323.75	381.4	195999	194.90698	61.70176	282.85706	-113.32171	194.9067	61.70496	281.9412	-85.9141	-197.53482	45.31202	761.479501247406
50	1242.1357	118.34781	1496.802	1097.5822	1335.2579	99.24792	1598.372	1246.3224	365.81818	385.9	199999	196.30058	62.16567	283.7824	-110.61573	196.30148	62.160515	287.23157	-80.58182	-199.0929	47.724632	777.5835998058319
51	1341.5288	137.8177	1638.9454	1161.5067	1338.5083	63.2912	1500.1238	1288.9935	390.8	391.9	203999	198.24144	62.77139	285.7273	-103.18	198.24245	62.76544	281.6552	-113.34651	-200.73834	46.982285	793.6681215763092
52	1177.4846	129.7889	1380.7714	1002.5823	1204.527	115.892624	1508.1382	1076.5981	338.33334	348.3	207999	199.7501	63.400566	286.78256	-116.60795	199.75092	63.393456	284.14688	-129.90012	-202.31795	45.057022	809.709766626358
53	1212.3773	199.03174	1525.6324	927.42175	1747.9495	149.04626	2083.1418	1468.7659	354.72726	485.1	211999	201.58136	63.462444	285.97336	-135.83707	201.58263	63.458076	286.36447	-103.14368	-204.0789	47.132904	826.5375018119812
54	1676.144	495.41153	2860.0386	1041.3385	1564.5828	355.76163	2296.2544	1008.9559	477.1111	451.5	215999	203.20197	63.789875	289.01685	-106.01462	203.20232	63.787907	288.91257	-95.59044	-205.48473	44.494743	843.0517926216125
55	1119.6055	370.5882	1776.0942	167.44391	1241.2192	100.82835	1475.7274	1128.545	325.9091	347.0	219999	204.3758	64.651276	289.32938	-101.25217	204.37564	64.64955	290.82544	-103.8958	-206.91795	48.010113	858.5456128120422
56	1588.6715	320.1939	2115.3635	1177.1041	1893.8959	502.29526	2921.3203	1415.7914	452.77777	531.8	223999	206.14307	65.1474	293.52438	-136.91075	206.14381	65.14781	293.75156	-135.01965	-208.75984	46.967438	874.6738114356995
57	2035.1697	634.27496	2933.8574	1183.2524	1212.1923	181.05428	1367.204	733.9455	609.1429	345.8	227999	207.97508	65.205345	296.20856	-103.41859	207.97588	65.206375	295.89352	-95.89643	-210.63293	43.374798	890.1630084514618
58	889.62256	729.5794	2282.6318	32.98451	1832.2039	448.9426	2744.4312	1298.4426	263.92856	580.5	231999	209.51382	65.5789	298.802	-106.08277	209.5149	65.5745	297.80835	-111.61852	-212.24847	48.89808	906.3783030509949
59	1408.1788	510.24518	1941.6678	20.800007	1818.0131	443.09323	2636.6423	1410.9869	416.4	506.8	235999	210.6648	65.466064	296.98755	-127.87869	210.66548	65.46509	301.0643	-91.12933	-213.17825	51.252655	922.4620373249054
60	1502.1477	174.17487	1864.4377	1240.4517	2802.9412	911.30524	3419.1067	626.861	428.0	830.6	239999	211.68448	65.73036	298.48325	-156.78749	211.6851	65.72737	298.95062	-112.52959	-214.367	47.53457	940.0102784633636
61	1579.7896	306.22623	2043.6699	1057.2777	2585.736	658.6788	3084.8706	1331.5511	457.0	834.2	243999	213.51543	65.81571	298.50082	-109.27164	213.5162	65.81367	307.74228	-120.50721	-216.04546	46.272606	957.6065332889557
62	1775.5577	406.98083	2491.7488	1325.7775	2096.8906	600.29456	3128.7378	1072.5671	515.0	644.2	247999	214.70004	66.134384	300.17874	-133.27794	214.70018	66.13594	302.76324	-153.39494	-217.3161	47.709633	974.5575370788574
63	1847.5096	592.2691	3027.539	1245.3564	1294.0814	98.96807	1559.1992	1212.8411	553.0	361.6	251999	215.76855	66.41653	300.80734	-104.11824	215.7677	66.419945	303.6728	-110.9358	-218.15935	46.26606	990.5368762016296
64	1515.5066	438.17224	2275.5938	980.9166	1352.2118	294.48065	1999.6403	1041.4554	428.7	380.0	255999	216.6686	66.74674	302.5873	-99.52042	216.66914	66.74506	302.35522	-138.91154	-219.14784	48.745262	1006.728565454483
65	1242.695	235.47977	1554.5525	757.2467	1328.7537	393.14435	1887.3856	464.6112	351.81818	374.6	259999	217.78236	67.10689	303.4283	-96.27543	217.78114	67.11153	305.1721	-118.23248	-219.93947	45.987625	1022.488644361496
66	1295.5867	325.2448	2137.7332	1003.4178	1335.411	516.71783	2241.313	655.7758	358.1	385.2	263999	219.06476	67.447945	305.8135	-123.13847	219.06468	67.45047	311.4001	-118.780075	-221.43799	48.897976	1038.250983953476
67	1949.112	724.9218	3387.164	1228.1716	1375.596	39.58954	1455.2871	1308.3461	559.5	376.4	267999	219.92102	67.78475	305.2409	-101.97962	219.92062	67.78277	304.15506	-99.85841	-222.1357	45.625984	1053.8791139125824
68	1799.3091	392.33206	2531.1443	1288.902	1471.5391	530.30817	2832.1267	1081.7095	507.125	416.9	271999	220.95692	67.96983	304.7303	-202.67473	220.9567	67.96768	304.64066	-155.56947	-223.237	47.36432	1069.2913012504578
69	2108.1492	854.78925	3218.4216	1319.4005	1984.5637	175.71432	2240.8628	1676.4398	637.0	597.3	275999	222.0524	68.09721	306.6481	-134.64941	222.05212	68.10546	311.0047	-122.12719	-224.39716	49.80021	1085.6553318500519
70	1613.1364	567.7099	3080.8093	915.15125	785.5512	478.1806	1137.377	53.978344	474.2	219.5	279999	222.9391	68.54819	307.82092	-120.64854	222.93976	68.54312	310.8716	-146.14603	-225.27423	44.881973	1101.193557024002
71	1362.3644	507.47464	2675.036	1057.2983	1574.1833	374.6698	2107.7163	1148.9572	387.8	445.8	283999	224.27695	68.87447	312.5332	-133.59631	224.2775	68.87189	318.84485	-89.16383	-226.64041	47.23771	1117.5215501785278
72	1848.0895	937.0614	3270.9636	1041.1422	2199.7036	603.8055	3359.2307	1469.4735	550.1429	627.0	287999	225.70398	69.061134	315.01062	-92.79273	225.70451	69.05947	311.02167	-104.41039	-228.26663	46.503407	1134.6857657432556
73	2207.133	819.10785	3373.9885	1417.2891	3015.4036	289.09802	3167.8384	2152.334	645.1667	966.2	291999	226.5983	69.19232	314.6408	-144.3311	226.59853	69.19574	315.38696	-184.25946	-229.09125	49.428703	1152.5184955596924
74	2877.5813	543.22565	3482.2798	2093.9226	3407.757	26.576073	3457.1438	3374.9028	831.6	1000.0	295999	227.7038	69.1392	313.2583	-138.15863	227.70482	69.13311	313.1654	-124.30142	-230.08145	47.155567	1170.4592185020447
75	1590.1895	712.27856	3358.8486	982.51	3264.1292	35.425495	3337.2625	3209.388	448.1111	1000.0	299999	228.3243	69.33453	313.62357	-97.651794	228.32414	69.32916	316.42908	-120.98806	-230.5964	45.891224	1188.3940033912659
76	2303.9785	849.0454	3427.1438	1161.2659	2191.254	705.3021	3512.473	1591.6833	654.8333	622.6	303999	229.11153	69.49906	316.47348	-119.977936	229.11238	69.50231	317.09613	-175.61356	-231.40373	44.324436	1204.8331532478333
77	986.04095	641.68616	1881.0435	23.079098	3025.4526	745.0959	3628.1775	1538.4209	285.6	835.7	307999	229.78712	69.65657	316.42917	-126.367645	229.7882	69.6531	315.6375	-87.30026	-232.27496	46.948124	1221.8602359294891
78	1820.166	573.8573	3033.6118	1244.3302	3155.478	473.4131	3635.3616	2059.008	507.2857	889.0	311999	230.57143	70.0045	318.11713	-115.55368	230.57185	70.001625	320.26453	-106.743484	-232.74965	46.33632	1239.0381889343262
79	2518.1047	894.96185	3435.0703	1165.6501	2726.3384	858.7629	3549.4478	1405.8014	730.8333	776.1	315999	231.55342	70.502525	315.04446	-98.08983	231.55388	70.502396	317.0843	-138.7016	-233.73856	46.383568	1256.3621492385864
80	2092.8464	601.4765	3176.418	1388.3423	3377.694	14.600452	3403.2434	3354.2046	581.2857	1000.0	319999	232.90935	70.67389	317.07675	-134.69437	232.91032	70.66751	319.74985	-115.48591	-235.10278	46.675297	1274.780080795288
81	2094.4907	795.3032	3428.657	1132.4261	3224.359	428.81677	3496.7793	2030.4368	589.8333	939.4	323999	233.6889	70.9951	317.98376	-124.76713	233.68962	70.99823	319.87485	-121.48733	-235.68405	46.948097	1292.948923110962
82	2287.2737	820.2664	3410.5066	1205.2446	3252.1978	429.13803	3464.7268	1970.266	651.8571	955.7	327999	234.61176	71.17596	318.67233	-102.27057	234.61154	71.17403	319.81482	-121.8628	-236.90448	45.74825	1311.3268060684204
83	2665.815	918.72284	3453.8804	1515.8381	1237.5613	570.27686	2757.208	794.89777	767.8	391.7	331999	235.66806	71.471886	318.9665	-121.749985	235.6681	71.47014	328.1879	-151.75822	-237.87183	47.619907	1327.6030135154724
84	2413.1667	713.11584	3439.8704	1480.5092	1512.117	553.63666	3072.7769	1127.4528	698.8	398.0	335999	237.52388	71.42988	322.8511	-100.695366	237.52492	71.43069	320.63873	-86.65633	-239.89503	49.554165	1343.2394461631775
85	2607.021	633.3102	3447.121	1744.2078	2784.845	662.91644	3553.53	1736.8353	741.6667	776.9	339999	238.29106	71.50021	321.81546	-102.603935	238.29204	71.50255	323.19626	-165.91292	-240.29437	45.17096	1360.1772413253784
86	1874.2968	586.99133	2838.937	1023.53424	1748.8376	489.8108	2602.305	1221.1233	512.125	479.5	343999	239.74805	71.386246	326.8171	-118.18421	239.74846	71.38362	323.16534	-106.956924	-241.91107	45.447117	1376.0659646987915
87	1462.4241	871.5738	3371.3623	27.178276	1751.0453	749.65356	3488.2844	788.9351	404.625	492.8	347999	240.36794	71.68569	323.69443	-131.25082	240.36807	71.68744	324.69162	-134.42152	-242.60088	46.58222	1392.0487592220306
88	1948.2472	1014.11664	3534.4834	463.45334	3347.0522	462.83286	3535.7085	1963.8708	540.2222	946.7	351999	241.83318	71.501976	323.7219	-182.88127	241.83337	71.50159	325.3737	-149.27669	-243.84843	44.077522	1409.6060583591461
89	1906.7094	717.9598	3390.4712	1261.2288	2232.3804	529.13464	3517.5425	1548.4835	533.3333	595.8	355999	242.62378	71.41031	324.35318	-193.6867	242.62463	71.40736	325.60992	-172.5612	-244.71739	50.724945	1426.0657958984375
90	2729.474	984.3575	3514.1218	1310.9802	1511.4712	192.62717	2016.2119	1372.1144	792.3333	427.2	359999	243.37352	71.539604	325.48407	-194.85497	243.37341	71.53841	325.274	-195.08604	-245.56552	44.990276	1442.1133580207825
91	2717.6113	685.8019	3616.7268	1898.964	3365.268	605.5575	3617.0762	1576.459	743.4	936.3	363999	244.01003	71.93767	327.59927	-130.09807	244.01047	71.94365	325.1458	-133.87315	-246.32437	49.298737	1460.249330997467
92	1620.8685	1211.9624	3445.3423	35.315395	3436.7144	254.65652	3547.4429	2674.0842	455.0	973.9	367999	244.83504	71.90387	328.9928	-164.87558	244.83601	71.905045	328.63913	-179.8654	-247.01175	47.845642	1478.646849155426
93	2899.7935	785.35034	3490.026	1403.1163	3146.1494	596.48596	3507.5737	1546.4786	807.4	897.7	371999	245.90564	71.999146	330.31393	-188.39906	245.9054	72.0014	328.02814	-162.78102	-247.98843	49.64443	1496.3363134860992
94	2452.8445	1015.7201	3463.21	895.85406	1376.3876	204.34856	1704.1696	913.3852	699.4	376.8	375999	246.94202	72.08565	328.94067	-146.1227	246.9415	72.08663	329.0978	-126.20561	-249.19844	46.417	1511.9019079208374
95	3069.6787	599.1462	3510.3984	1898.2455	2544.0742	1003.00964	3566.9456	1207.778	879.4	705.7	379999	247.83894	72.26294	331.24545	-120.77784	247.84042	72.261635	331.66232	-116.002365	-250.26762	50.216866	1528.8103964328766
96	3436.047	31.851715	3468.439	3397.9482	3570.2515	16.03002	3606.6772	3543.4895	1000.0	1000.0	383999	249.0432	72.057236	331.85352	-147.37563	249.04375	72.051895	331.3694	-161.41537	-251.17366	47.980545	1547.1228120326996
97	3466.087	63.6826	3567.8438	3392.081	3369.2422	17.236458	3398.2632	3335.7712	1000.0	1000.0	387999	250.00464	72.21839	331.97278	-173.03185	250.00572	72.212746	331.41922	-157.37753	-251.92503	47.635883	1565.4528465270996
98	2963.2712	848.5601	3506.5947	1298.1254	3132.9622	584.7985	3603.8594	1727.5217	845.6	875.3	391999	250.73747	72.003586	329.4945	-120.207855	250.73833	71.99994	331.45584	-130.34073	-252.95334	46.070717	1583.428786277771
99	2659.0266	721.68176	3494.3696	1807.959	3542.9102	17.162775	3559.5466	3511.5137	750.2	1000.0	395999	251.37766	72.162186	331.39868	-134.8097	251.37807	72.16579	331.04282	-150.4349	-253.38594	45.985477	1601.808209657669
100	3486.2078	37.67035	3550.5354	3454.5525	2438.6067	696.1734	3636.9016	1262.7189	1000.0	653.2	399999	252.09743	72.20131	330.08145	-169.62192	252.09773	72.203224	331.78848	-172.48819	-253.99797	43.501728	1618.632581949234
101	2911.7847	674.7001	3521.7698	1886.0281	3360.216	17.023603	3389.9192	3338.0881	829.4	1000.0	403999	252.3646	72.24786	334.69928	-257.78867	252.36555	72.24175	331.83163	-238.74516	-254.35486	44.043045	1636.4804894924164
102	3051.875	646.00134	3484.3745	1939.523	3510.377	41.26625	3577.9597	3452.7607	881.0	1000.0	407999	253.50987	72.315056	333.69528	-318.20236	253.51006	72.31083	333.99426	-284.73306	-255.57225	44.972717	1654.1611478328705
103	2893.0454	1008.41797	3572.7703	910.95496	3577.7222	58.223595	3695.634	3494.6116	824.2	1000.0	411999	254.24356	72.39213	336.7653	-233.87474	254.24374	72.39579	334.74512	-244.91039	-256.29074	44.216747	1671.801129579544
104	2737.2268	1366.6135	3572.8103	20.657406	3558.9055	29.563581	3595.7083	3511.2642	779.8	1000.0	415999	254.8578	72.42311	336.79077	-222.08742	254.85715	72.424034	333.96558	-202.45364	-257.0195	45.60522	1689.4598755836487
105	2949.1968	920.8896	3572.6924	1176.8245	3596.7012	43.85918	3684.4238	3502.839	817.8	1000.0	419999	255.80516	72.324066	336.77448	-238.20236	255.80548	72.32102	335.22574	-240.11896	-257.74307	45.29859	1707.0914590358734
106	3425.84	135.2058	3530.469	3194.9531	3601.3254	373.21072	3798.6306	2488.3464	968.25	966.2	423999	256.2042	72.566635	341.42157	-189.64728	256.2055	72.56631	337.7	-175.92665	-257.9427	43.97336	1725.0162587165833
107	2428.7827	1086.4789	3637.6926	948.56824	2869.9978	1198.1984	3694.2666	865.2812	668.1667	787.8	427999	256.61987	72.55951	338.34625	-133.43018	256.6206	72.55511	338.33588	-149.38528	-258.55328	42.397915	1742.5587961673737
108	2787.7468	863.4043	3645.6365	1716.6183	1580.6195	522.0	2297.3022	554.4078	766.1667	438.1	431999	257.4074	72.589806	338.3399	-217.68301	257.40723	72.586075	339.57126	-158.56497	-259.5072	43.793285	1758.5037636756897
109	2919.6387	1114.1576	3617.4795	991.61194	349.8791	7.2113633	367.10455	339.23322	826.25	137.8	435999	258.09677	72.80924	342.9584	-162.52032	258.09866	72.799194	342.81702	-129.8842	-260.16626	44.771275	1773.4001772403717
110	3532.1394	36.96827	3571.5452	3472.5574	3626.9575	113.99935	3700.1565	3296.1062	1000.0	989.6	439999	258.30435	72.87539	343.73395	-171.88776	258.30478	72.87062	340.98373	-154.4764	-260.24353	45.238327	1791.1943125724792
111	2729.8767	860.04565	3623.8586	1235.8862	3697.2173	24.94098	3720.8374	3648.5945	762.0	1000.0	443999	258.93686	72.76068	345.94504	-133.27094	258.9374	72.76157	345.28894	-130.8122	-260.85745	46.631413	1808.9941620826721
112	2937.878	716.1714	3550.467	2002.4828	3014.1833	899.0836	3526.606	1183.0455	829.0	865.8	447999	259.45963	73.14722	343.67603	-152.39348	259.46027	73.14491	345.53412	-188.86707	-261.4807	49.367348	1826.2824144363403
113	2785.771	960.4884	3574.4338	1080.348	3398.6204	849.8917	3735.9023	859.90454	780.2	921.3	451999	260.04437	72.949005	344.04013	-127.161514	260.04507	72.94873	344.4816	-103.64127	-262.07462	41.15806	1844.2008538246155
114	2955.2646	1110.6985	3652.5466	1032.4258	3288.1453	446.09564	3515.594	1988.4541	821.75	942.8	455999	260.45325	73.11032	348.47238	-206.804	260.45273	73.10813	344.69577	-210.74614	-262.30624	46.278294	1862.42746591568
115	2765.6003	867.93396	3538.2847	1099.7279	3665.0515	29.358063	3698.0852	3617.1455	785.3333	1000.0	459999	260.8938	72.928024	348.51352	-171.91348	260.8938	72.926414	345.61526	-150.78824	-262.76376	44.833843	1880.8454568386078
116	3133.1143	457.65146	3629.1074	2471.8225	994.7169	48.24558	1072.4332	935.20056	874.0	280.3	463999	260.93512	73.1816	347.10028	-232.88448	260.93613	73.17813	345.4747	-242.3842	-262.8513	44.52793	1896.6824893951416
117	3189.2642	481.77914	3594.8066	2320.241	3611.668	15.153767	3636.6694	3581.9456	886.4	1000.0	467999	261.61902	73.02792	347.34583	-239.01384	261.6182	73.03214	344.5163	-221.87212	-263.5466	40.06669	1914.8515763282776
118	2616.5566	1105.8643	3525.6643	1165.5642	3467.427	762.59753	3772.7522	1181.9171	744.2	932.1	471999	262.7545	72.84644	347.96054	-198.34668	262.7553	72.846016	354.20633	-199.26123	-264.62253	38.728382	1932.7556037902832
119	2831.7095	1407.4575	3632.5376	21.732006	3364.1821	1110.941	3764.9043	32.105568	791.2	902.7	475999	263.12766	73.10775	345.0936	-229.6091	263.1279	73.10622	344.35864	-207.16333	-264.8447	42.38303	1950.5634479522705
120	3258.8176	674.5298	3664.0945	1914.9144	3627.2766	31.541048	3673.4734	3552.6543	887.8	1000.0	479999	263.65747	73.04951	345.57025	-202.74129	263.65707	73.0534	345.41623	-178.18083	-265.45456	42.43703	1968.9472615718842
121	2245.8708	1421.4102	3599.563	26.35813	3021.8057	910.75854	3742.386	1455.597	631.8333	822.8	483999	264.45834	72.75012	347.94238	-105.79883	264.45865	72.74566	348.5137	-105.827774	-266.20282	38.800663	1986.6700356006622
122	1874.5522	1524.597	3574.8015	20.24436	1358.2238	1275.2244	3716.2056	23.333937	525.75	376.5	487999	264.78705	72.88034	345.29407	-188.71509	264.78604	72.88668	345.25818	-140.49007	-266.68152	42.52997	2002.860283613205
123	3568.3872	48.766537	3621.4722	3495.9932	3545.7922	14.832678	3575.4675	3519.4937	1000.0	1000.0	491999	265.68268	73.07715	346.9987	-138.61064	265.68307	73.07714	346.47656	-186.54933	-267.65744	41.225346	2021.2525761127472
124	3619.8088	33.656578	3661.8562	3574.949	3593.3657	10.156074	3606.1184	3575.7566	1000.0	1000.0	495999	266.5906	72.97536	348.79514	-189.75677	266.59036	72.97871	347.49738	-102.67908	-268.28384	41.737247	2038.900635957718
125	2395.6887	1661.0067	3604.4036	45.088596	3704.6257	27.07271	3749.6946	3662.0117	678.6667	1000.0	499999	267.22482	73.33667	353.84326	-136.17961	267.2253	73.33222	349.1718	-118.000534	-268.9792	44.843735	2056.4614679813385
126	3291.7202	450.66064	3601.4858	2513.9133	3727.4407	18.181162	3766.2266	3706.7615	919.75	1000.0	503999	267.9964	73.25163	350.91498	-98.73545	267.99612	73.2614	350.77676	-98.25499	-269.52957	44.162785	2074.049797773361
127	3150.863	671.04407	3557.4246	1988.766	3182.0454	843.46466	3798.9648	1750.6049	851.25	846.4	507999	268.55057	73.47191	351.34308	-123.01298	268.54965	73.47553	352.04852	-119.98768	-270.3809	43.53972	2091.0842640399933
128	1641.1943	1689.022	3644.3228	18.993336	3651.6646	43.523823	3716.7493	3563.3328	462.3	1000.0	511999	269.74298	73.70513	363.00397	-211.81653	269.7437	73.706795	353.66202	-209.59563	-271.57443	39.67476	2109.074704647064
129	2943.7715	868.14923	3633.5906	1517.8425	3457.0828	607.9865	3736.85	1636.6835	813.6	943.9	515999	270.7209	73.82645	355.68634	-270.04834	270.72125	73.82636	353.0052	-306.6865	-272.5682	48.47524	2127.184027671814
130	2012.7509	1419.3915	3612.4207	32.59543	2895.6436	1085.9436	3716.9766	28.33731	560.4286	789.0	519999	271.32065	73.65491	353.0051	-284.4154	271.32123	73.652435	352.74457	-281.22165	-273.25494	45.305588	2144.741553068161
131	3043.8276	882.36053	3636.8076	1329.0991	683.66315	996.1745	3672.1687	346.01144	837.4	222.2	523999	272.07697	73.74121	354.26	-208.30585	272.0779	73.744255	356.92725	-228.87144	-273.86118	48.346855	2160.278532743454
132	2946.4695	899.6019	3631.5237	1335.578	3212.7246	1061.6036	3594.0964	28.31584	809.2	902.5	527999	272.36765	74.28621	353.80246	-159.24678	272.3668	74.288246	354.3363	-142.88065	-273.92764	47.349697	2178.307811975479
133	1752.9336	1030.3944	3616.8872	47.360104	3738.0422	12.766683	3761.0193	3715.9304	472.57144	1000.0	531999	273.7987	73.56123	353.68533	-145.19398	273.79974	73.555595	354.1976	-143.44778	-275.48462	44.632343	2196.630024909973
134	2290.4202	1503.7072	3683.1023	29.250101	3719.6313	28.125145	3759.3047	3677.1006	630.8571	1000.0	535999	274.1124	74.035255	351.91995	-112.84961	274.11246	74.03231	353.28464	-150.4479	-275.71042	44.21136	2214.952790737152
135	3341.0156	412.95316	3613.6123	2628.128	3609.4895	59.75012	3669.9788	3445.841	925.75	985.2	539999	274.56107	74.307495	354.3556	-124.041534	274.5609	74.309525	357.23938	-189.9807	-276.44635	47.56642	2233.266457557678
136	3288.8997	675.4228	3766.6921	1946.296	3647.6147	28.877783	3711.5793	3611.888	904.2	1000.0	543999	275.27155	74.167404	355.4499	-130.09554	275.27097	74.16607	357.56958	-150.73544	-277.10623	45.95115	2251.625286579132
137	2601.473	881.19666	3565.767	1277.1549	47.22596	1.7504739	49.89717	43.929535	700.0	35.6	547999	275.377	74.41897	358.5869	-142.43634	275.3776	74.4179	356.60345	-136.19363	-277.14963	46.3641	2266.5279216766357
138	3642.995	23.455154	3681.9734	3622.401	3583.5793	20.241104	3618.38	3553.9531	1000.0	1000.0	551999	276.01273	74.194046	356.62616	-105.910545	276.01352	74.189964	356.424	-126.864555	-277.80884	43.232086	2284.97487282753
139	3302.6929	661.74084	3689.3782	1981.5724	3743.482	28.963034	3784.7822	3687.8816	904.4	1000.0	555999	276.61426	74.16524	357.0488	-115.959946	276.6136	74.17013	358.3927	-107.43084	-278.41263	43.315056	2303.215014219284
