Epoch	TestSuccesRate	TotalEnvInteracts	AverageQVals	StdQVals	MaxQVals	MinQVals	LossPi	LossQ	Time
0	0.1	2500	-0.5716995	0.16760981	0.059710205	-1.1443024	0.56831163	0.16859232	10.868716955184937
1	0.0	5000	-0.9994083	0.14017805	-0.6788631	-2.1847773	0.9963511	0.16006286	21.48300814628601
2	0.0	7500	-1.3871725	0.13546412	-1.04032	-2.5817833	1.3854102	0.15618087	32.00576877593994
3	0.0	10000	-1.749112	0.12417398	-1.4164461	-2.909539	1.7477177	0.15430854	43.17501258850098
4	0.0	12500	-2.1027634	0.12218552	-1.777126	-3.2265244	2.1015718	0.1549459	54.25942873954773
5	0.0	15000	-2.4544258	0.12045968	-2.0728528	-3.6190085	2.4532485	0.15628806	65.44053530693054
6	0.1	17500	-2.7913942	0.1123024	-2.3530636	-4.1671896	2.790502	0.15476887	76.62700748443604
7	0.0	20000	-3.0932608	0.109067	-2.7345634	-4.549882	3.0924947	0.15435216	87.82808208465576
8	0.0	22500	-3.3882353	0.10757301	-2.9750228	-4.9764404	3.3876183	0.15472522	99.7247531414032
9	0.0	25000	-3.6885388	0.10911198	-3.1694677	-5.773987	3.6879623	0.154754	111.1025230884552
10	0.0	27500	-3.955129	0.10021898	-3.3576605	-6.334334	3.9546113	0.1541913	122.05121064186096
11	0.0	30000	-4.214234	0.09682979	-3.6635027	-6.9365506	4.2138553	0.15428409	132.9106583595276
12	0.1	32500	-4.4636703	0.095031515	-3.8494844	-7.8747973	4.463128	0.15458256	144.5940535068512
13	0.0	35000	-4.698877	0.09359929	-3.944327	-8.464192	4.698577	0.15498668	156.66971635818481
14	0.1	37500	-4.9261093	0.092410386	-4.1436205	-8.92572	4.9258375	0.15406525	169.481055021286
15	0.0	40000	-5.1362233	0.09142571	-4.0735292	-9.647715	5.1360865	0.15413012	183.60729026794434
16	0.0	42500	-5.3408976	0.08861611	-4.1479635	-9.581675	5.340722	0.15449266	197.65985345840454
17	0.1	45000	-5.525469	0.086295694	-4.299035	-9.763971	5.525292	0.1544545	211.598069190979
18	0.1	47500	-5.7117577	0.085999675	-4.3938026	-9.470604	5.711629	0.1552942	225.82400679588318
19	0.1	50000	-5.8816237	0.08295101	-4.5607433	-9.624676	5.8816357	0.15617122	240.15146255493164
20	0.1	52500	-6.048399	0.08721834	-4.63625	-9.731635	6.0483375	0.15582834	254.53439927101135
21	0.0	55000	-6.2258506	0.08912377	-4.767414	-10.279832	6.2257743	0.15607363	269.12603783607483
22	0.1	57500	-6.3982882	0.08693858	-5.0844016	-11.007589	6.398173	0.15642956	283.4832479953766
23	0.0	60000	-6.5614424	0.08322022	-5.2355256	-11.5171385	6.5613527	0.15630828	295.7848856449127
24	0.1	62500	-6.708382	0.08593435	-5.34919	-11.438525	6.708315	0.15580052	308.3414943218231
25	0.1	65000	-6.8488703	0.088798	-5.112273	-10.347235	6.848936	0.15622932	320.9618647098541
26	0.0	67500	-6.9808693	0.08520037	-5.6336823	-9.8981495	6.9809184	0.15590435	333.3302643299103
27	0.2	70000	-7.1103873	0.08443049	-5.7494717	-10.07526	7.110418	0.1563299	345.5168368816376
28	0.1	72500	-7.240121	0.083535664	-5.978996	-9.434245	7.2400284	0.15603724	357.6442017555237
29	0.0	75000	-7.3590517	0.08220587	-6.0501685	-9.654663	7.3590727	0.15624467	369.706684589386
30	0.2	77500	-7.466198	0.08071576	-5.9582896	-9.571985	7.4661684	0.15679987	381.7796411514282
31	0.0	80000	-7.5679865	0.080937706	-6.124331	-10.037761	7.567794	0.15682235	394.66091084480286
32	0.1	82500	-7.6678686	0.08390544	-6.11902	-9.572961	7.667721	0.15691037	407.6898605823517
33	0.1	85000	-7.7680335	0.08463828	-5.978016	-9.621919	7.767756	0.15689704	420.1603012084961
34	0.0	87500	-7.839884	0.08393723	-5.889947	-9.217814	7.839547	0.15661836	432.8169541358948
35	0.1	90000	-7.9123306	0.088192075	-5.907632	-9.09724	7.9118185	0.15738104	445.5928750038147
36	0.1	92500	-7.9775944	0.093543515	-5.9365096	-9.330478	7.976952	0.1578863	458.4406006336212
37	0.2	95000	-8.038225	0.106302015	-4.5768557	-9.230626	8.037604	0.15871966	471.15325474739075
38	0.0	97500	-8.106635	0.118183926	-5.106228	-9.261678	8.105917	0.15817149	484.18635296821594
39	0.1	100000	-8.186843	0.13194153	-3.8910093	-9.536624	8.18576	0.15911004	498.1668517589569
40	0.1	102500	-8.254776	0.14780864	-4.560277	-9.298235	8.2524185	0.15975201	512.3949303627014
41	0.0	105000	-8.29804	0.17182821	-1.141765	-9.373832	8.293082	0.1601371	526.2366228103638
42	0.1	107500	-8.320649	0.1972019	-4.428907	-9.265814	8.312481	0.1594646	540.1020364761353
43	0.0	110000	-8.338483	0.22580242	-4.487301	-9.420366	8.3270235	0.16000715	554.1259462833405
44	0.1	112500	-8.347901	0.25263953	-3.4218662	-9.2794285	8.335514	0.15999225	568.1340363025665
45	0.0	115000	-8.360714	0.26870552	-4.0160227	-9.361325	8.34757	0.16145949	581.990510225296
46	0.0	117500	-8.374794	0.27443573	-3.2732785	-9.855794	8.361164	0.16222091	596.1496577262878
47	0.2	120000	-8.374172	0.27233034	-3.360092	-9.631283	8.360852	0.16248426	611.2124266624451
48	0.1	122500	-8.39495	0.26375684	-4.032615	-9.589642	8.384154	0.16229723	626.2857027053833
49	0.2	125000	-8.438243	0.2524158	-4.437874	-9.851682	8.4292965	0.16284256	640.8456678390503
50	0.0	127500	-8.480719	0.24171726	-4.7828026	-9.684816	8.473619	0.16346905	656.001939535141
51	0.0	130000	-8.516385	0.22966298	-4.605828	-9.868378	8.510242	0.163345	671.7808017730713
52	0.1	132500	-8.557947	0.21972267	-5.26739	-9.909066	8.553212	0.16367102	687.3788182735443
53	0.1	135000	-8.626869	0.21104553	-4.7679806	-9.910728	8.623308	0.16400144	703.0572965145111
54	0.0	137500	-8.674463	0.20280306	-5.0034804	-9.944921	8.671324	0.16324659	718.9935212135315
55	0.0	140000	-8.729644	0.19532578	-5.075845	-9.753186	8.727181	0.16388217	734.673773765564
56	0.0	142500	-8.789232	0.19143896	-5.102516	-9.959185	8.787026	0.1647457	750.4499139785767
57	0.0	145000	-8.843181	0.1844536	-5.2344236	-9.773971	8.841493	0.16395679	765.9012770652771
58	0.1	147500	-8.907676	0.17950104	-5.6870656	-10.017942	8.906144	0.16437903	781.493494272232
59	0.0	150000	-8.956611	0.17625539	-5.5749855	-9.956354	8.955279	0.16346058	797.1251394748688
60	0.0	152500	-9.012014	0.17042466	-5.591284	-9.984972	9.010869	0.1640506	813.4613997936249
61	0.1	155000	-9.063268	0.16760288	-5.876163	-10.113531	9.062262	0.1644678	829.751870393753
62	0.1	157500	-9.116337	0.16286989	-5.7827425	-10.147717	9.115492	0.16434787	845.5758755207062
63	0.0	160000	-9.1679325	0.15937386	-6.3763714	-10.17968	9.16712	0.16448377	861.4123463630676
64	0.1	162500	-9.211108	0.1568999	-6.44555	-10.249461	9.210365	0.16347986	877.3132829666138
65	0.2	165000	-9.2502165	0.15452369	-6.4659505	-10.243375	9.249456	0.16370304	893.2594482898712
66	0.1	167500	-9.302586	0.15280472	-6.703103	-10.323706	9.301956	0.16379447	909.0441949367523
67	0.1	170000	-9.352049	0.15234913	-6.669122	-10.305262	9.351361	0.16345768	924.9152872562408
68	0.0	172500	-9.396043	0.14862008	-6.282893	-10.371773	9.395422	0.16390662	941.1889486312866
69	0.2	175000	-9.433072	0.14665088	-6.373454	-10.280653	9.432545	0.16368024	957.4567277431488
70	0.2	177500	-9.476372	0.14535606	-6.0725355	-10.289906	9.475873	0.16364908	974.0449018478394
71	0.2	180000	-9.505806	0.14279631	-6.2302847	-10.401102	9.505313	0.16390143	990.8434615135193
72	0.2	182500	-9.534476	0.14196801	-6.1552157	-10.374761	9.534134	0.16385484	1007.4890050888062
73	0.1	185000	-9.562172	0.1393303	-6.3730683	-10.331931	9.561851	0.16323657	1024.1491611003876
74	0.1	187500	-9.57993	0.13903712	-6.1513157	-10.451925	9.579643	0.16319677	1040.8079180717468
75	0.0	190000	-9.604432	0.13873488	-6.223756	-10.569746	9.604076	0.1634684	1057.3359606266022
76	0.0	192500	-9.6218815	0.13547796	-5.7154083	-10.444261	9.621626	0.16341037	1073.8622643947601
77	0.0	195000	-9.648297	0.13541657	-6.285262	-10.452995	9.648067	0.1636972	1090.3902351856232
78	0.0	197500	-9.682755	0.13359417	-5.8872695	-10.477336	9.682514	0.16411477	1107.1940450668335
79	0.0	200000	-9.706104	0.13339356	-5.917275	-10.519494	9.70584	0.1635214	1124.2668089866638
80	0.1	202500	-9.726251	0.13617748	-6.0297136	-10.608261	9.725468	0.16354515	1141.3063142299652
81	0.0	205000	-9.716067	0.16454439	-5.8247256	-10.472168	9.707296	0.16395822	1158.2172122001648
82	0.1	207500	-9.641957	0.24649872	-5.6418605	-10.668211	9.612682	0.16411316	1175.7986228466034
83	0.0	210000	-9.540478	0.2740092	-5.8185654	-10.431932	9.514799	0.16414523	1193.5889365673065
84	0.2	212500	-9.445904	0.2597064	-5.81705	-10.50438	9.428	0.16426767	1211.2172396183014
85	0.0	215000	-9.398267	0.25867584	-6.2721496	-10.343508	9.388623	0.16304086	1228.5773808956146
86	0.0	217500	-9.37398	0.27999315	-6.244813	-10.403143	9.365172	0.16314423	1246.003232717514
87	0.1	220000	-9.347076	0.29262266	-6.5350094	-10.5651865	9.339258	0.16331954	1263.429339647293
88	0.1	222500	-9.3314295	0.3061285	-6.217441	-10.459671	9.323071	0.16280244	1280.7770626544952
89	0.0	225000	-9.307232	0.34355536	-5.926784	-10.519171	9.293977	0.16355911	1298.4653344154358
90	0.1	227500	-9.27677	0.39136025	-5.4355845	-10.750559	9.2655325	0.16363086	1316.1728496551514
91	0.1	230000	-9.249384	0.44114152	-5.3573647	-10.455023	9.237204	0.16282162	1333.8713552951813
92	0.0	232500	-9.22136	0.50072765	-5.08922	-10.647165	9.206825	0.16257392	1351.598480463028
93	0.1	235000	-9.167841	0.56727785	-5.135108	-10.569845	9.150926	0.16365404	1369.1298797130585
94	0.0	237500	-9.115809	0.62458557	-4.819071	-10.468664	9.099404	0.1636731	1386.7531852722168
95	0.2	240000	-9.078584	0.6523673	-4.844105	-10.527167	9.064962	0.16346683	1404.827484369278
96	0.0	242500	-9.067086	0.65446943	-4.3494997	-10.501318	9.0557	0.1625937	1422.7151465415955
97	0.1	245000	-9.050794	0.6460634	-4.5719466	-10.531113	9.041234	0.16260596	1440.2775039672852
98	0.1	247500	-9.049862	0.6302591	-4.559176	-10.529131	9.041778	0.16336009	1457.8517498970032
99	0.1	250000	-9.042988	0.61345613	-4.880597	-10.482871	9.036016	0.16313902	1475.7071707248688
100	0.1	252500	-9.055564	0.59695953	-4.333621	-10.518141	9.049416	0.16296048	1493.7689554691315
101	0.1	255000	-9.060103	0.5798484	-4.958473	-10.400494	9.054588	0.16261761	1512.144688129425
102	0.0	257500	-9.072835	0.559308	-4.5097528	-10.358573	9.067359	0.16357984	1530.8835496902466
103	0.1	260000	-9.10567	0.5371727	-4.9646053	-10.441257	9.099424	0.16324674	1549.3022305965424
104	0.0	262500	-9.10885	0.5153982	-4.730343	-10.451751	9.098635	0.16426721	1567.5522265434265
105	0.2	265000	-9.080634	0.49716985	-4.5323853	-10.369411	9.064049	0.16359408	1586.0731160640717
106	0.0	267500	-9.047622	0.49204043	-4.27357	-10.561432	9.025185	0.16430627	1604.5991425514221
107	0.1	270000	-8.971493	0.5214467	-4.01482	-10.583369	8.950557	0.16345249	1622.9517149925232
108	0.2	272500	-8.943021	0.5319296	-4.7778053	-10.524876	8.9305315	0.16450271	1641.935108423233
109	0.2	275000	-8.957471	0.5210881	-5.191315	-10.596952	8.949109	0.16297315	1661.436692237854
110	0.0	277500	-8.980555	0.50588745	-5.2450314	-10.449349	8.974389	0.16408207	1680.9044361114502
111	0.0	280000	-9.011659	0.48776826	-5.270545	-10.457534	9.00716	0.16350296	1700.2147035598755
112	0.0	282500	-9.047298	0.47120705	-5.812069	-10.491133	9.043424	0.16385004	1719.454238653183
113	0.0	285000	-9.080363	0.45136735	-6.2096686	-10.520857	9.077289	0.16352628	1738.94313454628
114	0.0	287500	-9.127619	0.43025845	-6.263937	-11.040315	9.125115	0.1635315	1759.0137205123901
115	0.0	290000	-9.163548	0.4114936	-6.144847	-11.029181	9.161518	0.16382764	1778.9748368263245
116	0.0	292500	-9.191523	0.39292264	-6.0741024	-10.868323	9.189851	0.1629578	1798.924367904663
117	0.0	295000	-9.226331	0.376183	-5.966946	-10.485947	9.224967	0.16346028	1818.4994928836823
118	0.2	297500	-9.255728	0.35968432	-6.78284	-10.699368	9.254353	0.16305873	1838.578895330429
119	0.0	300000	-9.288593	0.34375477	-6.114425	-11.311561	9.287577	0.1633385	1858.161847114563
120	0.0	302500	-9.336167	0.329805	-6.046815	-10.638699	9.335223	0.16300994	1877.9107694625854
121	0.1	305000	-9.366355	0.31572056	-5.925024	-10.868142	9.36494	0.16213629	1897.599668264389
122	0.1	307500	-9.383609	0.3304977	-6.913358	-10.901704	9.362668	0.16373454	1917.2719111442566
123	0.0	310000	-9.139075	0.4932766	-6.5180383	-10.84873	9.046545	0.16494277	1937.251499414444
124	0.0	312500	-8.666821	0.47176385	-6.508196	-10.779134	8.634879	0.16513352	1957.7171838283539
125	0.1	315000	-8.450041	0.41897604	-6.560689	-10.459732	8.418698	0.16362396	1977.8261549472809
126	0.1	317500	-8.377698	0.39046216	-6.55892	-10.776376	8.352617	0.16345279	1998.1587064266205
127	0.1	320000	-8.358722	0.37239707	-6.3165264	-10.457795	8.341018	0.16292523	2018.6134104728699
128	0.1	322500	-8.361459	0.3574715	-6.4011517	-10.577506	8.348549	0.16330715	2038.1692352294922
129	0.0	325000	-8.395503	0.34307668	-6.567966	-10.508363	8.386535	0.16274442	2058.013588666916
130	0.0	327500	-8.429113	0.32918137	-6.4598913	-10.341093	8.421856	0.16239853	2078.1874027252197
131	0.0	330000	-8.463626	0.31615132	-6.3916655	-10.409763	8.457889	0.16229059	2098.7522490024567
132	0.1	332500	-8.512517	0.3030593	-6.549586	-10.917945	8.508096	0.1627205	2120.0084822177887
133	0.0	335000	-8.558395	0.2926959	-6.435266	-10.723906	8.554722	0.16247638	2140.6259548664093
134	0.2	337500	-8.6025505	0.282197	-6.592739	-10.417798	8.599476	0.1617066	2163.0580730438232
135	0.0	340000	-8.653786	0.26912332	-6.961977	-10.4374485	8.651766	0.16220225	2184.834523677826
